1, 639
2, 1431
3, 836
4, 1039
5, 731
6, 2130
7, 637
8, 1335
9, 932
10, 1033
11, 930
12, 835
13, 1735
14, 735
15, 1338
16, 730
17, 1230
18, 632
19, 1533
20, 635
21, 1435
22, 830
23, 1031
24, 732
25, 1431
26, 833
27, 1134
28, 837
29, 1231
30, 833
31, 932
32, 1635
33, 738
34, 1331
35, 734
36, 1034
37, 635
38, 1937
39, 635
40, 1436
41, 736
42, 1032
43, 637
44, 1331
45, 832
46, 1135
47, 834
48, 1130
49, 737
50, 1030
51, 1436
52, 833
53, 1234
54, 832
55, 1136
56, 637
57, 1537
58, 733
59, 1436
60, 735
61, 1034
62, 636
63, 1135
64, 1335
65, 1132
66, 836
67, 1139
68, 636
69, 1031
70, 738
71, 934
72, 1139
73, 835
74, 1135
75, 638
76, 1136
77, 835
78, 1239
79, 735
80, 1438
81, 632
82, 1232
83, 633
84, 1235
85, 831
86, 1339
87, 631
88, 1139
89, 1237
90, 1139
91, 1031
92, 934
93, 1230
94, 635
95, 1330
96, 737
97, 1334
98, 736
99, 1239
100, 535
101, 1335
102, 1230
103, 1330
104, 738
105, 1535
106, 639
107, 1738
108, 1636
109, 1434
110, 435
111, 1732
112, 1033
113, 1532
114, 930
115, 732
116, 1838
117, 1034
118, 1732
119, 536
120, 1239
121, 1437
122, 1338
123, 631
124, 1536
125, 531
126, 1331
127, 631
128, 1738
129, 835
130, 1234
131, 1132
132, 935
133, 1236
134, 736
135, 1036
136, 939
137, 1731
138, 636
139, 1438
140, 733
141, 1631
142, 535
143, 1630
144, 633
145, 1430
146, 630
147, 2135
148, 733
149, 1538
150, 734
151, 1530
152, 1335
153, 1139
154, 1339
155, 1630
156, 1531
157, 1630
158, 1635
159, 637
160, 2133
161, 537
162, 1632
163, 737
164, 1331
165, 932
166, 731
167, 830
168, 1533
169, 938
170, 934
171, 1036
172, 731
173, 1435
174, 733
175, 1632
176, 635
177, 1436
178, 534
179, 1434
180, 632
181, 1635
182, 639
183, 1235
184, 636
185, 1333
186, 635
187, 1635
188, 1336
189, 1535
190, 1530
191, 1735
192, 1437
193, 738
194, 1635
195, 631
196, 1332
197, 536
198, 1530
199, 1335
200, 835
201, 1339
202, 1834
203, 730
204, 2036
205, 733
206, 1339
207, 834
208, 1330
209, 839
210, 839
211, 1139
212, 831
213, 1535
214, 635
215, 1239
216, 537
217, 2033
218, 637
219, 1638
220, 635
221, 1435
222, 630
223, 1336
224, 431
225, 1335
226, 736
227, 1335
228, 832
229, 1034
230, 1535
231, 838
232, 1434
233, 731
234, 1134
235, 538
236, 1938
237, 638
238, 1331
239, 1237
240, 1337
241, 1531
242, 1536
243, 1034
244, 1436
245, 738
246, 1437
247, 732
248, 1438
249, 1533
250, 1535
251, 732
252, 1439
253, 1438
254, 1437
255, 1438
256, 832
257, 832
258, 1136
259, 1730
260, 539
261, 1335
262, 1232
263, 1331
264, 736
265, 938
266, 1439
267, 1631
268, 1138
269, 1630
270, 1035
271, 834
272, 1231
273, 630
274, 1336
275, 1136
276, 1530
277, 1536
278, 834
279, 1531
280, 1439
281, 1539
282, 1337
283, 831
284, 838
285, 737
286, 936
287, 738
288, 1833
289, 1031
290, 1034
291, 1131
292, 539
293, 1332
294, 734
295, 1336
296, 735
297, 1530
298, 633
299, 1335
300, 337
301, 1236
302, 834
303, 1334
304, 636
305, 1137
306, 638
307, 1736
308, 832
309, 1039
310, 1039
311, 735
312, 1130
313, 1131
314, 1232
315, 833
316, 1339
317, 532
318, 1233
319, 1335
320, 1236
321, 730
322, 1333
323, 631
324, 1135
325, 637
326, 1439
327, 739
328, 1137
329, 1030
330, 834
331, 1037
332, 1337
333, 1036
334, 832
335, 1334
336, 534
337, 1235
338, 1032
339, 1836
340, 639
341, 1337
342, 735
343, 1134
344, 734
345, 1034
346, 738
347, 1236
348, 936
349, 833
350, 1031
351, 733
352, 1139
353, 639
354, 1337
355, 535
356, 1234
357, 633
358, 1830
359, 638
360, 1339
361, 639
362, 1034
363, 732
364, 1034
365, 638
366, 1238
367, 932
368, 833
369, 932
370, 833
371, 1234
372, 732
373, 1334
374, 737
375, 1233
376, 633
377, 1039
378, 637
379, 1431
380, 830
381, 1138
382, 733
383, 1039
384, 730
385, 1236
386, 839
387, 1034
388, 836
389, 838
390, 836
391, 738
392, 1335
393, 832
394, 1036
395, 635
396, 1934
397, 635
398, 1433
399, 830
400, 1031
401, 1233
402, 1030
403, 1338
404, 939
405, 1337
406, 933
407, 1334
408, 931
409, 1335
410, 839
411, 1333
412, 832
413, 1336
414, 830
415, 1337
416, 933
417, 1138
418, 938
419, 1031
420, 1136
421, 938
422, 1237
423, 1031
424, 1332
425, 934
426, 1331
427, 932
428, 1239
429, 839
430, 1238
431, 835
432, 1333
433, 831
434, 1331
435, 830
436, 1231
437, 837
438, 1038
439, 1131
440, 937
441, 1231
442, 936
443, 1236
444, 931
445, 1239
446, 838
447, 1134
448, 835
449, 1039
450, 739
451, 1132
452, 834
453, 1131
454, 834
455, 1036
456, 934
457, 939
458, 1032
459, 932
460, 1034
461, 930
462, 1130
463, 1030
464, 1132
465, 839
466, 1135
467, 835
468, 1133
469, 835
470, 1131
471, 833
472, 1130
473, 834
474, 1036
475, 836
476, 1035
477, 937
478, 938
479, 1134
480, 936
481, 1233
482, 936
483, 1237
484, 933
485, 1334
486, 931
487, 1237
488, 930
489, 1235
490, 937
491, 1330
492, 832
493, 1332
494, 830
495, 1239
496, 935
497, 1039
498, 1034
499, 1030
500, 1731
501, 1430
502, 1530
503, 931
504, 1133
505, 835
506, 1034
507, 835
508, 1039
509, 836
510, 1034
511, 834
512, 1130
513, 838
514, 1032
515, 838
516, 938
517, 1035
518, 931
519, 1033
520, 838
521, 1034
522, 837
523, 1136
524, 836
525, 1230
526, 836
527, 1034
528, 830
529, 1337
530, 1030
531, 1037
532, 838
533, 1032
534, 739
535, 934
536, 1239
537, 930
538, 1036
539, 934
540, 930
541, 831
542, 1539
543, 732
544, 1035
545, 839
546, 1037
547, 737
548, 1233
549, 1032
550, 2132
551, 732
552, 1535
553, 738
554, 1138
555, 1435
556, 934
557, 1334
558, 734
559, 1235
560, 632
561, 1332
562, 834
563, 1338
564, 731
565, 1233
566, 631
567, 1233
568, 1239
569, 1232
570, 831
571, 1239
572, 739
573, 1039
574, 534
575, 839
576, 1039
577, 831
578, 1134
579, 635
580, 1139
581, 834
582, 1335
583, 736
584, 1533
585, 538
586, 1234
587, 636
588, 1234
589, 835
590, 1330
591, 637
592, 1136
593, 732
594, 1136
595, 933
596, 934
597, 1038
598, 636
599, 1138
600, 939
601, 1335
602, 736
603, 1435
604, 537
605, 1332
606, 1136
607, 1239
608, 833
609, 1333
610, 737
611, 1230
612, 638
613, 1236
614, 838
615, 1034
616, 1230
617, 637
618, 1137
619, 837
620, 1238
621, 733
622, 1436
623, 534
624, 1332
625, 338
626, 1239
627, 835
628, 1336
629, 833
630, 1334
631, 739
632, 1436
633, 837
634, 1233
635, 1032
636, 1031
637, 1231
638, 1030
639, 1333
640, 932
641, 1433
642, 838
643, 1339
644, 837
645, 1237
646, 832
647, 1333
648, 832
649, 1331
650, 833
651, 1435
652, 835
653, 1233
654, 931
655, 1037
656, 1130
657, 1038
658, 1332
659, 931
660, 1430
661, 837
662, 1432
663, 839
664, 1537
665, 833
666, 1336
667, 833
668, 1331
669, 836
670, 1431
671, 831
672, 1330
673, 838
674, 1137
675, 1032
676, 939
677, 1330
678, 934
679, 1334
680, 933
681, 1433
682, 838
683, 1539
684, 838
685, 1334
686, 836
687, 1331
688, 832
689, 1235
690, 831
691, 1334
692, 837
693, 1233
694, 931
695, 1038
696, 1133
697, 932
698, 1333
699, 930
700, 1335
701, 839
702, 1535
703, 930
704, 1430
705, 837
706, 1331
707, 833
708, 1434
709, 836
710, 1332
711, 830
712, 1239
713, 930
714, 1133
715, 1038
716, 1033
717, 1239
718, 930
719, 1330
720, 930
721, 1439
722, 838
723, 1434
724, 837
725, 1334
726, 835
727, 1239
728, 839
729, 1331
730, 834
731, 1332
732, 836
733, 1230
734, 935
735, 1036
736, 1134
737, 932
738, 1239
739, 931
740, 1337
741, 939
742, 1431
743, 838
744, 1433
745, 835
746, 1331
747, 934
748, 1334
749, 835
750, 1330
751, 831
752, 1237
753, 935
754, 1132
755, 1033
756, 1032
757, 1233
758, 931
759, 1332
760, 834
761, 1434
762, 838
763, 1337
764, 834
765, 1333
766, 739
767, 1332
768, 832
769, 1333
770, 830
771, 1331
772, 836
773, 1234
774, 936
775, 1036
776, 1133
777, 931
778, 1239
779, 939
780, 1339
781, 839
782, 1437
783, 838
784, 1338
785, 738
786, 1332
787, 834
788, 1337
789, 833
790, 1239
791, 830
792, 1330
793, 839
794, 1138
795, 1033
796, 938
797, 1233
798, 930
799, 1336
800, 930
801, 1433
802, 837
803, 1430
804, 930
805, 1333
806, 833
807, 1334
808, 837
809, 1331
810, 830
811, 1435
812, 837
813, 1234
814, 933
815, 1035
816, 1136
817, 1036
818, 1238
819, 932
820, 1430
821, 838
822, 1430
823, 836
824, 1430
825, 837
826, 1336
827, 833
828, 1331
829, 833
830, 1331
831, 833
832, 1238
833, 930
834, 1137
835, 1035
836, 1134
837, 1232
838, 936
839, 1337
840, 930
841, 1431
842, 839
843, 1430
844, 836
845, 1335
846, 835
847, 1239
848, 833
849, 1432
850, 833
851, 1332
852, 835
853, 1230
854, 934
855, 1139
856, 1132
857, 933
858, 1330
859, 932
860, 1339
861, 838
862, 1438
863, 839
864, 1436
865, 835
866, 1330
867, 834
868, 1331
869, 834
870, 1336
871, 831
872, 1236
873, 837
874, 1136
875, 1133
876, 1033
877, 1232
878, 931
879, 1333
880, 930
881, 1436
882, 839
883, 1431
884, 837
885, 1332
886, 836
887, 1332
888, 835
889, 1332
890, 832
891, 1330
892, 835
893, 1234
894, 838
895, 1034
896, 1130
897, 935
898, 1237
899, 930
900, 1331
901, 838
902, 1432
903, 839
904, 1334
905, 833
906, 1239
907, 839
908, 1331
909, 833
910, 1332
911, 830
912, 1238
913, 937
914, 1230
915, 939
916, 1036
917, 1231
918, 933
919, 1237
920, 932
921, 1435
922, 839
923, 1336
924, 836
925, 1335
926, 1030
927, 1239
928, 834
929, 1330
930, 833
931, 1333
932, 834
933, 1233
934, 932
935, 1134
936, 1032
937, 938
938, 1231
939, 932
940, 1335
941, 930
942, 1433
943, 839
944, 1337
945, 935
946, 1333
947, 833
948, 1330
949, 834
950, 1333
951, 937
952, 1330
953, 838
954, 1236
955, 934
956, 1034
957, 1133
958, 930
959, 1332
960, 933
961, 1333
962, 838
963, 1432
964, 934
965, 1339
966, 836
967, 1333
968, 835
969, 1239
970, 836
971, 1235
972, 832
973, 1239
974, 838
975, 1134
976, 1030
977, 1136
978, 1232
979, 930
980, 1333
981, 839
982, 1431
983, 931
984, 1430
985, 837
986, 1336
987, 834
988, 1239
989, 832
990, 1238
991, 834
992, 1333
993, 832
994, 1138
995, 838
996, 1233
997, 1038
998, 939
999, 1234
1000, 838
1001, 1332
1002, 932
1003, 1431
1004, 837
1005, 1337
1006, 836
1007, 1331
1008, 834
1009, 1432
1010, 833
1011, 1331
1012, 833
1013, 1236
1014, 839
1015, 1131
1016, 936
1017, 1037
1018, 1135
1019, 933
1020, 1330
1021, 839
1022, 1334
1023, 838
1024, 1430
1025, 838
1026, 1336
1027, 837
1028, 1331
1029, 832
1030, 1239
1031, 832
1032, 1237
1033, 831
1034, 1338
1035, 931
1036, 1136
1037, 1032
1038, 939
1039, 1232
1040, 932
1041, 1336
1042, 931
1043, 1431
1044, 839
1045, 1336
1046, 835
1047, 1335
1048, 837
1049, 1331
1050, 835
1051, 1331
1052, 832
1053, 1239
1054, 730
1055, 1236
1056, 935
1057, 1131
1058, 1039
1059, 938
1060, 1230
1061, 931
1062, 1337
1063, 839
1064, 1339
1065, 930
1066, 1532
1067, 930
1068, 1435
1069, 834
1070, 1537
1071, 833
1072, 1730
1073, 935
1074, 1732
1075, 831
1076, 1633
1077, 936
1078, 1237
1079, 1436
1080, 1031
1081, 1730
1082, 936
1083, 1739
1084, 930
1085, 1737
1086, 932
1087, 1737
1088, 838
1089, 1739
1090, 836
1091, 1930
1092, 831
1093, 1835
1094, 738
1095, 1733
1096, 831
1097, 1530
1098, 1136
1099, 1138
1100, 1438
1101, 1030
1102, 1637
1103, 933
1104, 1732
1105, 932
1106, 1639
1107, 930
1108, 1633
1109, 839
1110, 1639
1111, 737
1112, 1734
1113, 833
1114, 1735
1115, 737
1116, 1534
1117, 837
1118, 1330
1119, 1134
1120, 1039
1121, 1439
1122, 935
1123, 1632
1124, 931
1125, 1737
1126, 930
1127, 1733
1128, 838
1129, 1631
1130, 737
1131, 1731
1132, 836
1133, 1737
1134, 831
1135, 1631
1136, 832
1137, 1632
1138, 936
1139, 1234
1140, 1138
1141, 937
1142, 1437
1143, 934
1144, 1633
1145, 933
1146, 1734
1147, 930
1148, 1632
1149, 931
1150, 1537
1151, 835
1152, 1634
1153, 835
1154, 1630
1155, 738
1156, 1639
1157, 833
1158, 1338
1159, 1033
1160, 1133
1161, 1331
1162, 1033
1163, 1437
1164, 930
1165, 1536
1166, 837
1167, 1534
1168, 838
1169, 1539
1170, 836
1171, 1438
1172, 834
1173, 1436
1174, 832
1175, 1534
1176, 830
1177, 1432
1178, 931
1179, 1232
1180, 1037
1181, 1035
1182, 1333
1183, 932
1184, 1432
1185, 930
1186, 1531
1187, 839
1188, 1633
1189, 839
1190, 1432
1191, 837
1192, 1430
1193, 834
1194, 1435
1195, 738
1196, 1435
1197, 831
1198, 1330
1199, 930
1200, 1135
1201, 1137
1202, 939
1203, 1336
1204, 934
1205, 1436
1206, 930
1207, 1435
1208, 839
1209, 1533
1210, 836
1211, 1337
1212, 832
1213, 1432
1214, 839
1215, 1436
1216, 830
1217, 1436
1218, 834
1219, 1336
1220, 839
1221, 1136
1222, 1233
1223, 938
1224, 1433
1225, 933
1226, 1638
1227, 931
1228, 1535
1229, 837
1230, 1438
1231, 834
1232, 1335
1233, 734
1234, 1430
1235, 832
1236, 1338
1237, 738
1238, 1239
1239, 1033
1240, 1232
1241, 1031
1242, 1036
1243, 1139
1244, 933
1245, 1436
1246, 933
1247, 1436
1248, 930
1249, 1435
1250, 839
1251, 1434
1252, 935
1253, 1337
1254, 832
1255, 1430
1256, 832
1257, 1339
1258, 838
1259, 1331
1260, 838
1261, 1138
1262, 939
1263, 1032
1264, 1239
1265, 935
1266, 1431
1267, 931
1268, 1434
1269, 839
1270, 1436
1271, 933
1272, 1434
1273, 836
1274, 1434
1275, 832
1276, 1432
1277, 838
1278, 1439
1279, 831
1280, 1336
1281, 838
1282, 1134
1283, 1036
1284, 1036
1285, 1338
1286, 932
1287, 1439
1288, 931
1289, 1631
1290, 1031
1291, 1538
1292, 838
1293, 1532
1294, 834
1295, 1536
1296, 837
1297, 1730
1298, 831
1299, 1639
1300, 738
1301, 1438
1302, 932
1303, 1334
1304, 1136
1305, 939
1306, 1530
1307, 934
1308, 1632
1309, 1033
1310, 1730
1311, 930
1312, 1731
1313, 835
1314, 1634
1315, 835
1316, 1639
1317, 835
1318, 1739
1319, 832
1320, 1632
1321, 834
1322, 1331
1323, 1031
1324, 1139
1325, 1238
1326, 933
1327, 1433
1328, 1031
1329, 1536
1330, 931
1331, 1637
1332, 837
1333, 1636
1334, 930
1335, 1634
1336, 834
1337, 1731
1338, 835
1339, 1636
1340, 739
1341, 1638
1342, 834
1343, 1431
1344, 1039
1345, 1039
1346, 1432
1347, 938
1348, 1632
1349, 932
1350, 1830
1351, 935
1352, 1733
1353, 931
1354, 1733
1355, 834
1356, 1636
1357, 831
1358, 1732
1359, 831
1360, 1736
1361, 738
1362, 1630
1363, 837
1364, 1239
1365, 1132
1366, 1039
1367, 1338
1368, 937
1369, 1631
1370, 932
1371, 1737
1372, 931
1373, 1833
1374, 931
1375, 1634
1376, 835
1377, 1732
1378, 833
1379, 1739
1380, 833
1381, 1732
1382, 832
1383, 1532
1384, 932
1385, 1234
1386, 1133
1387, 1031
1388, 1439
1389, 936
1390, 1634
1391, 932
1392, 1730
1393, 931
1394, 1738
1395, 839
1396, 1631
1397, 833
1398, 1635
1399, 936
1400, 1734
1401, 739
1402, 1636
1403, 831
1404, 1531
1405, 932
1406, 1230
1407, 1237
1408, 937
1409, 1535
1410, 935
1411, 1639
1412, 830
1413, 1731
1414, 839
1415, 1638
1416, 839
1417, 1638
1418, 837
1419, 1730
1420, 832
1421, 1730
1422, 739
1423, 1631
1424, 830
1425, 1434
1426, 1037
1427, 1139
1428, 1239
1429, 936
1430, 1532
1431, 934
1432, 1630
1433, 932
1434, 1631
1435, 839
1436, 1630
1437, 832
1438, 1630
1439, 834
1440, 1736
1441, 833
1442, 1731
1443, 837
1444, 1539
1445, 835
1446, 1430
1447, 1039
1448, 1039
1449, 1336
1450, 930
1451, 1432
1452, 839
1453, 1438
1454, 836
1455, 1435
1456, 830
1457, 1432
1458, 836
1459, 1630
1460, 836
1461, 1834
1462, 833
1463, 2132
1464, 538
1465, 3136
1466, 731
1467, 1633
1468, 1532
1469, 1035
1470, 30
1471, 4035
1472, 35
1473, 4033
1474, 137
1475, 3739
1476, 38
1477, 3732
1478, 1239
1479, 1639
1480, 3236
1481, 635
1482, 3339
1483, 234
1484, 3933
1485, 132
1486, 3931
1487, 134
1488, 3838
1489, 34
1490, 3334
1491, 2431
1492, 639
1493, 2530
1494, 638
1495, 2339
1496, 632
1497, 2135
1498, 631
1499, 1531
1500, 537
1501, 1037
1502, 633
1503, 1535
1504, 737
1505, 1232
1506, 738
1507, 2034
1508, 1036
1509, 1134
1510, 1432
1511, 537
1512, 1432
1513, 631
1514, 1439
1515, 639
1516, 1732
1517, 535
1518, 1338
1519, 534
1520, 1039
1521, 538
1522, 1539
1523, 733
1524, 1138
1525, 639
1526, 937
1527, 838
1528, 1136
1529, 1139
1530, 838
1531, 1335
1532, 636
1533, 1332
1534, 735
1535, 1739
1536, 633
1537, 1332
1538, 535
1539, 2430
1540, 634
1541, 1732
1542, 738
1543, 1334
1544, 637
1545, 1334
1546, 238
1547, 1235
1548, 937
1549, 1039
1550, 1034
1551, 734
1552, 2135
1553, 737
1554, 1734
1555, 639
1556, 1237
1557, 537
1558, 2030
1559, 835
1560, 1531
1561, 635
1562, 1435
1563, 633
1564, 1439
1565, 437
1566, 1534
1567, 833
1568, 1432
1569, 1035
1570, 1034
1571, 1738
1572, 933
1573, 1931
1574, 830
1575, 1832
1576, 633
1577, 1931
1578, 935
1579, 1935
1580, 632
1581, 1936
1582, 530
1583, 1733
1584, 1332
1585, 1731
1586, 731
1587, 1839
1588, 733
1589, 1239
1590, 938
1591, 1239
1592, 1438
1593, 832
1594, 1936
1595, 636
1596, 1738
1597, 736
1598, 1934
1599, 638
1600, 1939
1601, 532
1602, 1734
1603, 330
1604, 1933
1605, 536
1606, 1936
1607, 637
1608, 1438
1609, 732
1610, 1039
1611, 1136
1612, 1133
1613, 1538
1614, 634
1615, 1734
1616, 537
1617, 1737
1618, 731
1619, 2032
1620, 534
1621, 1830
1622, 1132
1623, 1933
1624, 630
1625, 1939
1626, 735
1627, 1536
1628, 630
1629, 1936
1630, 837
1631, 1430
1632, 1430
1633, 732
1634, 1631
1635, 1034
1636, 1732
1637, 831
1638, 2037
1639, 533
1640, 1837
1641, 532
1642, 1836
1643, 531
1644, 1938
1645, 632
1646, 1538
1647, 534
1648, 1634
1649, 638
1650, 1638
1651, 1035
1652, 839
1653, 1238
1654, 1730
1655, 1531
1656, 832
1657, 1930
1658, 531
1659, 1733
1660, 538
1661, 1532
1662, 635
1663, 1834
1664, 631
1665, 1337
1666, 634
1667, 1332
1668, 539
1669, 1536
1670, 839
1671, 1130
1672, 1031
1673, 830
1674, 2034
1675, 831
1676, 1633
1677, 635
1678, 1531
1679, 538
1680, 1231
1681, 639
1682, 1830
1683, 634
1684, 1530
1685, 633
1686, 2236
1687, 636
1688, 1437
1689, 737
1690, 1230
1691, 835
1692, 1131
1693, 732
1694, 938
1695, 1537
1696, 735
1697, 1431
1698, 633
1699, 1833
1700, 732
1701, 1934
1702, 539
1703, 1432
1704, 532
1705, 1635
1706, 830
1707, 1631
1708, 730
1709, 1636
1710, 639
1711, 1330
1712, 1336
1713, 1133
1714, 1239
1715, 837
1716, 1234
1717, 637
1718, 1232
1719, 834
1720, 1935
1721, 638
1722, 1834
1723, 538
1724, 1736
1725, 1331
1726, 1737
1727, 636
1728, 1935
1729, 530
1730, 1731
1731, 637
1732, 1630
1733, 1037
1734, 1335
1735, 1231
1736, 832
1737, 1831
1738, 739
1739, 2039
1740, 831
1741, 2434
1742, 637
1743, 2334
1744, 1234
1745, 2436
1746, 630
1747, 2738
1748, 439
1749, 2438
1750, 935
1751, 2536
1752, 437
1753, 2534
1754, 1035
1755, 1635
1756, 1938
1757, 1535
1758, 1536
1759, 1035
1760, 2636
1761, 732
1762, 2837
1763, 1338
1764, 2331
1765, 735
1766, 3136
1767, 532
1768, 3235
1769, 1134
1770, 2932
1771, 338
1772, 3336
1773, 437
1774, 2630
1775, 1030
1776, 2133
1777, 1238
1778, 1332
1779, 2435
1780, 738
1781, 2733
1782, 830
1783, 2230
1784, 831
1785, 3033
1786, 530
1787, 3039
1788, 531
1789, 2539
1790, 436
1791, 3232
1792, 537
1793, 2435
1794, 735
1795, 2533
1796, 939
1797, 1634
1798, 2432
1799, 738
1800, 2435
1801, 832
1802, 2330
1803, 830
1804, 2839
1805, 730
1806, 2930
1807, 536
1808, 2732
1809, 530
1810, 3236
1811, 433
1812, 2937
1813, 339
1814, 2938
1815, 737
1816, 2139
1817, 1630
1818, 1037
1819, 2230
1820, 936
1821, 2139
1822, 937
1823, 2834
1824, 735
1825, 2736
1826, 632
1827, 2632
1828, 638
1829, 3136
1830, 533
1831, 3035
1832, 431
1833, 3131
1834, 234
1835, 2730
1836, 731
1837, 1931
1838, 1737
1839, 1033
1840, 2830
1841, 1033
1842, 2630
1843, 739
1844, 2636
1845, 637
1846, 2430
1847, 735
1848, 2838
1849, 535
1850, 2931
1851, 438
1852, 2837
1853, 736
1854, 2830
1855, 431
1856, 2535
1857, 1138
1858, 1539
1859, 2030
1860, 1134
1861, 2034
1862, 935
1863, 2536
1864, 732
1865, 2633
1866, 936
1867, 2735
1868, 634
1869, 2737
1870, 532
1871, 2739
1872, 1336
1873, 2739
1874, 434
1875, 2637
1876, 736
1877, 1936
1878, 2231
1879, 1430
1880, 1739
1881, 1034
1882, 2437
1883, 738
1884, 2631
1885, 1432
1886, 2332
1887, 734
1888, 2930
1889, 536
1890, 2630
1891, 435
1892, 2736
1893, 439
1894, 2837
1895, 535
1896, 2237
1897, 831
1898, 2035
1899, 1031
1900, 1239
1901, 2431
1902, 836
1903, 2536
1904, 735
1905, 2134
1906, 737
1907, 2838
1908, 631
1909, 2633
1910, 739
1911, 2736
1912, 538
1913, 3035
1914, 435
1915, 2533
1916, 631
1917, 2334
1918, 636
1919, 1831
1920, 1731
1921, 730
1922, 1538
1923, 634
1924, 1439
1925, 731
1926, 1730
1927, 534
1928, 1531
1929, 838
1930, 1536
1931, 539
1932, 1537
1933, 830
1934, 1332
1935, 631
1936, 1832
1937, 739
1938, 1332
1939, 1039
1940, 736
1941, 1233
1942, 835
1943, 1335
1944, 837
1945, 1636
1946, 530
1947, 1438
1948, 536
1949, 1233
1950, 538
1951, 1634
1952, 637
1953, 1235
1954, 538
1955, 2130
1956, 636
1957, 1433
1958, 935
1959, 936
1960, 1034
1961, 737
1962, 1434
1963, 739
1964, 1635
1965, 632
1966, 1530
1967, 538
1968, 2135
1969, 635
1970, 1638
1971, 637
1972, 1437
1973, 637
1974, 2036
1975, 737
1976, 1531
1977, 833
1978, 1233
1979, 836
1980, 934
1981, 1430
1982, 836
1983, 1532
1984, 730
1985, 1331
1986, 539
1987, 1236
1988, 731
1989, 1831
1990, 633
1991, 1436
1992, 630
1993, 1234
1994, 831
1995, 1338
1996, 737
1997, 1434
1998, 738
1999, 1135
2000, 1438
2001, 938
2002, 1337
2003, 737
2004, 1135
2005, 634
2006, 1830
2007, 732
2008, 1739
2009, 637
2010, 1437
2011, 536
2012, 1430
2013, 930
2014, 1437
2015, 734
2016, 1334
2017, 637
2018, 1136
2019, 931
2020, 1035
2021, 1039
2022, 936
2023, 1036
2024, 638
2025, 1932
2026, 834
2027, 1337
2028, 732
2029, 1230
2030, 536
2031, 1239
2032, 339
2033, 1336
2034, 834
2035, 1335
2036, 637
2037, 1138
2038, 332
2039, 1037
2040, 1032
2041, 1130
2042, 738
2043, 735
2044, 1037
2045, 1538
2046, 1236
2047, 739
2048, 1339
2049, 537
2050, 1331
2051, 1137
2052, 1236
2053, 737
2054, 839
2055, 1136
2056, 1238
2057, 935
2058, 1236
2059, 837
2060, 1238
2061, 836
2062, 1237
2063, 838
2064, 1139
2065, 939
2066, 1035
2067, 1135
2068, 937
2069, 1236
2070, 930
2071, 1334
2072, 931
2073, 1335
2074, 931
2075, 1330
2076, 839
2077, 1237
2078, 838
2079, 1238
2080, 837
2081, 1239
2082, 835
2083, 1232
2084, 932
2085, 1130
2086, 1033
2087, 938
2088, 1235
2089, 931
2090, 1332
2091, 931
2092, 1336
2093, 931
2094, 1333
2095, 838
2096, 1331
2097, 838
2098, 1331
2099, 838
2100, 1239
2101, 836
2102, 1331
2103, 930
2104, 1139
2105, 1034
2106, 1034
2107, 1139
2108, 1031
2109, 1238
2110, 933
2111, 1334
2112, 931
2113, 1336
2114, 931
2115, 1330
2116, 930
2117, 1237
2118, 838
2119, 1238
2120, 837
2121, 1334
2122, 836
2123, 1232
2124, 931
2125, 1039
2126, 1038
2127, 937
2128, 1236
2129, 934
2130, 1332
2131, 932
2132, 1336
2133, 931
2134, 1334
2135, 930
2136, 1239
2137, 839
2138, 1238
2139, 838
2140, 1238
2141, 833
2142, 1235
2143, 839
2144, 1137
2145, 1032
2146, 1034
2147, 1135
2148, 935
2149, 1330
2150, 931
2151, 1335
2152, 931
2153, 1331
2154, 930
2155, 1330
2156, 930
2157, 1238
2158, 838
2159, 1238
2160, 838
2161, 1239
2162, 838
2163, 1232
2164, 933
2165, 1038
2166, 1132
2167, 934
2168, 1234
2169, 932
2170, 1331
2171, 932
2172, 1431
2173, 932
2174, 1334
2175, 930
2176, 1235
2177, 838
2178, 1239
2179, 933
2180, 1330
2181, 836
2182, 1233
2183, 930
2184, 1137
2185, 1036
2186, 1031
2187, 1231
2188, 938
2189, 1239
2190, 931
2191, 1336
2192, 931
2193, 1334
2194, 930
2195, 1238
2196, 839
2197, 1238
2198, 934
2199, 1238
2200, 836
2201, 1238
2202, 836
2203, 1137
2204, 1031
2205, 1037
2206, 1134
2207, 935
2208, 1230
2209, 933
2210, 1332
2211, 938
2212, 1335
2213, 932
2214, 1332
2215, 839
2216, 1238
2217, 837
2218, 1238
2219, 837
2220, 1330
2221, 836
2222, 1234
2223, 930
2224, 1135
2225, 1032
2226, 1031
2227, 1139
2228, 935
2229, 1330
2230, 935
2231, 1337
2232, 930
2233, 1335
2234, 839
2235, 1238
2236, 934
2237, 1238
2238, 839
2239, 1330
2240, 837
2241, 1237
2242, 839
2243, 1231
2244, 936
2245, 1037
2246, 1133
2247, 934
2248, 1238
2249, 939
2250, 1331
2251, 932
2252, 1335
2253, 930
2254, 1333
2255, 930
2256, 1332
2257, 839
2258, 1333
2259, 837
2260, 1332
2261, 834
2262, 1138
2263, 931
2264, 1131
2265, 1036
2266, 939
2267, 1233
2268, 939
2269, 1331
2270, 933
2271, 1339
2272, 931
2273, 1335
2274, 930
2275, 1238
2276, 839
2277, 1332
2278, 836
2279, 1330
2280, 836
2281, 1238
2282, 839
2283, 1138
2284, 1032
2285, 1036
2286, 1137
2287, 936
2288, 1237
2289, 932
2290, 1335
2291, 931
2292, 1337
2293, 931
2294, 1337
2295, 838
2296, 1238
2297, 836
2298, 1330
2299, 837
2300, 1338
2301, 838
2302, 1235
2303, 932
2304, 1039
2305, 1036
2306, 938
2307, 1238
2308, 935
2309, 1334
2310, 931
2311, 1338
2312, 932
2313, 1337
2314, 839
2315, 1239
2316, 839
2317, 1333
2318, 837
2319, 1337
2320, 837
2321, 1336
2322, 930
2323, 1237
2324, 1034
2325, 1131
2326, 1330
2327, 938
2328, 1532
2329, 936
2330, 1632
2331, 933
2332, 1730
2333, 932
2334, 1631
2335, 930
2336, 1637
2337, 837
2338, 1636
2339, 836
2340, 1637
2341, 834
2342, 1435
2343, 933
2344, 1137
2345, 1136
2346, 1031
2347, 1439
2348, 938
2349, 1538
2350, 934
2351, 1631
2352, 930
2353, 1538
2354, 931
2355, 1531
2356, 838
2357, 1539
2358, 834
2359, 1630
2360, 835
2361, 1437
2362, 930
2363, 1236
2364, 1037
2365, 1038
2366, 1336
2367, 939
2368, 1438
2369, 938
2370, 1632
2371, 936
2372, 1538
2373, 931
2374, 1438
2375, 838
2376, 1535
2377, 934
2378, 1632
2379, 837
2380, 1535
2381, 835
2382, 1338
2383, 1032
2384, 1135
2385, 1237
2386, 1031
2387, 1432
2388, 936
2389, 1538
2390, 931
2391, 1538
2392, 930
2393, 1536
2394, 931
2395, 1537
2396, 836
2397, 1631
2398, 838
2399, 1630
2400, 832
2401, 1437
2402, 931
2403, 1233
2404, 1133
2405, 1034
2406, 1338
2407, 939
2408, 1536
2409, 935
2410, 1632
2411, 933
2412, 1533
2413, 930
2414, 1434
2415, 839
2416, 1532
2417, 838
2418, 1534
2419, 832
2420, 1432
2421, 839
2422, 1330
2423, 1034
2424, 1036
2425, 1234
2426, 934
2427, 1335
2428, 930
2429, 1430
2430, 932
2431, 1338
2432, 930
2433, 1332
2434, 930
2435, 1333
2436, 837
2437, 1334
2438, 839
2439, 1330
2440, 836
2441, 1236
2442, 935
2443, 1038
2444, 1132
2445, 936
2446, 1238
2447, 933
2448, 1337
2449, 930
2450, 1431
2451, 839
2452, 1334
2453, 930
2454, 1334
2455, 837
2456, 1330
2457, 838
2458, 1331
2459, 834
2460, 1332
2461, 931
2462, 1132
2463, 1038
2464, 1032
2465, 1237
2466, 935
2467, 1336
2468, 932
2469, 1435
2470, 932
2471, 1531
2472, 932
2473, 1537
2474, 839
2475, 1832
2476, 837
2477, 1836
2478, 834
2479, 1738
2480, 832
2481, 1637
2482, 1034
2483, 2136
2484, 1032
2485, 1332
2486, 1436
2487, 1137
2488, 1736
2489, 1037
2490, 1934
2491, 1031
2492, 2134
2493, 933
2494, 2239
2495, 838
2496, 2335
2497, 837
2498, 2431
2499, 736
2500, 2433
2501, 639
2502, 2238
2503, 830
2504, 1431
2505, 1336
2506, 1139
2507, 1632
2508, 1037
2509, 1839
2510, 1030
2511, 2038
2512, 935
2513, 2236
2514, 932
2515, 2333
2516, 836
2517, 2336
2518, 831
2519, 2435
2520, 737
2521, 2531
2522, 734
2523, 1736
2524, 1235
2525, 1237
2526, 1533
2527, 1132
2528, 1831
2529, 1035
2530, 2033
2531, 935
2532, 2138
2533, 931
2534, 2331
2535, 839
2536, 2337
2537, 834
2538, 2437
2539, 739
2540, 2533
2541, 734
2542, 2130
2543, 939
2544, 1332
2545, 1434
2546, 1136
2547, 1736
2548, 1036
2549, 1937
2550, 938
2551, 2134
2552, 932
2553, 2236
2554, 837
2555, 1938
2556, 835
2557, 1936
2558, 831
2559, 1830
2560, 930
2561, 1338
2562, 1235
2563, 1131
2564, 1539
2565, 938
2566, 1638
2567, 933
2568, 1638
2569, 930
2570, 1636
2571, 931
2572, 1732
2573, 839
2574, 1831
2575, 932
2576, 1838
2577, 833
2578, 1735
2579, 836
2580, 1436
2581, 1133
2582, 1136
2583, 1535
2584, 1033
2585, 1733
2586, 938
2587, 1834
2588, 935
2589, 1837
2590, 934
2591, 2230
2592, 932
2593, 2332
2594, 838
2595, 2335
2596, 832
2597, 2438
2598, 831
2599, 2534
2600, 737
2601, 2130
2602, 1036
2603, 1331
2604, 1435
2605, 1135
2606, 1739
2607, 1037
2608, 1938
2609, 1030
2610, 2133
2611, 930
2612, 1839
2613, 837
2614, 1837
2615, 838
2616, 1730
2617, 835
2618, 1435
2619, 935
2620, 1235
2621, 1231
2622, 939
2623, 1436
2624, 937
2625, 1538
2626, 934
2627, 1732
2628, 931
2629, 1830
2630, 932
2631, 1939
2632, 837
2633, 2233
2634, 836
2635, 2333
2636, 738
2637, 2331
2638, 736
2639, 2032
2640, 936
2641, 1431
2642, 1434
2643, 1130
2644, 1638
2645, 1035
2646, 1931
2647, 1030
2648, 2131
2649, 934
2650, 2236
2651, 839
2652, 2335
2653, 836
2654, 2435
2655, 737
2656, 2534
2657, 738
2658, 2635
2659, 732
2660, 2537
2661, 833
2662, 1738
2663, 1132
2664, 1531
2665, 1335
2666, 1338
2667, 1738
2668, 1136
2669, 2039
2670, 937
2671, 2336
2672, 838
2673, 2438
2674, 737
2675, 2634
2676, 638
2677, 2730
2678, 436
2679, 2737
2680, 531
2681, 2134
2682, 930
2683, 1730
2684, 1338
2685, 1332
2686, 1738
2687, 1038
2688, 2132
2689, 936
2690, 2332
2691, 838
2692, 2432
2693, 834
2694, 2530
2695, 637
2696, 2536
2697, 530
2698, 2539
2699, 533
2700, 2637
2701, 734
2702, 2231
2703, 836
2704, 1538
2705, 1336
2706, 1235
2707, 1931
2708, 1038
2709, 2233
2710, 934
2711, 2339
2712, 837
2713, 2439
2714, 632
2715, 2636
2716, 630
2717, 2938
2718, 530
2719, 2932
2720, 732
2721, 2239
2722, 830
2723, 1834
2724, 1238
2725, 1332
2726, 1734
2727, 1131
2728, 2134
2729, 932
2730, 2334
2731, 835
2732, 2534
2733, 731
2734, 2736
2735, 730
2736, 2733
2737, 636
2738, 2732
2739, 534
2740, 1935
2741, 933
2742, 1632
2743, 1238
2744, 1238
2745, 1831
2746, 1130
2747, 2132
2748, 934
2749, 2330
2750, 837
2751, 2435
2752, 835
2753, 2534
2754, 633
2755, 2536
2756, 438
2757, 2632
2758, 534
2759, 2130
2760, 839
2761, 1634
2762, 1138
2763, 1233
2764, 1731
2765, 1039
2766, 2035
2767, 938
2768, 2331
2769, 930
2770, 2435
2771, 836
2772, 2439
2773, 637
2774, 2537
2775, 30
2776, 2736
2777, 30
2778, 4036
2779, 30
2780, 3931
2781, 130
2782, 4030
2783, 230
2784, 3838
2785, 1935
2786, 1031
2787, 2232
2788, 933
2789, 2431
2790, 835
2791, 2437
2792, 735
2793, 2637
2794, 730
2795, 2932
2796, 637
2797, 2737
2798, 637
2799, 1936
2800, 134
2801, 4032
2802, 139
2803, 3837
2804, 132
2805, 3930
2806, 2230
2807, 934
2808, 2336
2809, 838
2810, 2535
2811, 35
2812, 4039
2813, 30
2814, 4035
2815, 433
2816, 2739
2817, 435
2818, 4037
2819, 731
2820, 1836
2821, 35
2822, 3636
2823, 1630
2824, 1138
2825, 2037
2826, 936
2827, 2336
2828, 831
2829, 3832
2830, 331
2831, 2635
2832, 232
2833, 3737
2834, 432
2835, 2638
2836, 436
2837, 2732
2838, 738
2839, 2036
2840, 938
2841, 1438
2842, 1435
2843, 1230
2844, 2032
2845, 1031
2846, 2332
2847, 931
2848, 2435
2849, 831
2850, 2537
2851, 333
2852, 4031
2853, 37
2854, 3939
2855, 130
2856, 3939
2857, 239
2858, 4031
2859, 33
2860, 3934
2861, 337
2862, 3836
2863, 135
2864, 3637
2865, 1433
2866, 933
2867, 2433
2868, 836
2869, 2633
2870, 734
2871, 2737
2872, 633
2873, 2934
2874, 334
2875, 2932
2876, 238
2877, 2630
2878, 639
2879, 2135
2880, 935
2881, 1539
2882, 1436
2883, 1237
2884, 2035
2885, 1033
2886, 3635
2887, 231
2888, 4038
2889, 434
2890, 2635
2891, 139
2892, 4039
2893, 30
2894, 4039
2895, 130
2896, 3831
2897, 30
2898, 3930
2899, 2235
2900, 936
2901, 2735
2902, 639
2903, 2538
2904, 734
2905, 3235
2906, 231
2907, 2439
2908, 833
2909, 4035
2910, 34
2911, 3939
2912, 34
2913, 4031
2914, 33
2915, 3732
2916, 130
2917, 4037
2918, 137
2919, 3933
2920, 335
2921, 3430
2922, 133
2923, 3833
2924, 1335
2925, 1630
2926, 3430
2927, 533
2928, 3933
2929, 136
2930, 4038
2931, 34
2932, 4039
2933, 30
2934, 3937
2935, 30
2936, 4035
2937, 30
2938, 3937
2939, 30
2940, 2931
2941, 337
2942, 934
2943, 3336
2944, 335
2945, 3834
2946, 333
2947, 2938
2948, 139
2949, 3635
2950, 33
2951, 3539
2952, 30
2953, 3730
2954, 31
2955, 939
2956, 2131
2957, 3836
2958, 30
2959, 731
2960, 1830
2961, 833
2962, 2633
2963, 636
2964, 3630
2965, 338
2966, 3530
2967, 39
2968, 4037
2969, 30
2970, 4039
2971, 30
2972, 3538
2973, 30
2974, 4039
2975, 939
2976, 434
2977, 3133
2978, 339
2979, 2230
2980, 537
2981, 2534
2982, 531
2983, 3533
2984, 335
2985, 3434
2986, 31
2987, 4034
2988, 30
2989, 4039
2990, 30
2991, 4039
2992, 433
2993, 2238
2994, 1931
2995, 1433
2996, 2133
2997, 1034
2998, 2839
2999, 932
3000, 2932
3001, 637
3002, 2939
3003, 535
3004, 3138
3005, 734
3006, 2532
3007, 730
3008, 1830
3009, 832
3010, 1331
3011, 1735
3012, 1035
3013, 1639
3014, 737
3015, 1537
3016, 635
3017, 1731
3018, 734
3019, 1939
3020, 539
3021, 1535
3022, 533
3023, 1630
3024, 1336
3025, 1635
3026, 639
3027, 1539
3028, 738
3029, 1333
3030, 1032
3031, 1136
3032, 1535
3033, 831
3034, 1537
3035, 639
3036, 2335
3037, 932
3038, 2231
3039, 636
3040, 2034
3041, 538
3042, 2135
3043, 1434
3044, 2333
3045, 533
3046, 2530
3047, 530
3048, 2338
3049, 232
3050, 4037
3051, 32
3052, 4036
3053, 131
3054, 4036
3055, 239
3056, 3831
3057, 136
3058, 3834
3059, 134
3060, 3736
3061, 1836
3062, 1832
3063, 3631
3064, 530
3065, 3938
3066, 39
3067, 4038
3068, 36
3069, 4036
3070, 35
3071, 4037
3072, 31
3073, 4038
3074, 30
3075, 3636
3076, 32
3077, 3839
3078, 37
3079, 3830
3080, 1531
3081, 2132
3082, 3434
3083, 633
3084, 3933
3085, 133
3086, 4032
3087, 31
3088, 4032
3089, 30
3090, 3530
3091, 1739
3092, 734
3093, 1738
3094, 939
3095, 1930
3096, 637
3097, 1836
3098, 531
3099, 1538
3100, 337
3101, 1431
3102, 732
3103, 1439
3104, 635
3105, 1335
3106, 631
3107, 1232
3108, 832
3109, 1134
3110, 1132
3111, 639
3112, 1235
3113, 932
3114, 1231
3115, 736
3116, 1433
3117, 533
3118, 1237
3119, 631
3120, 1338
3121, 730
3122, 1334
3123, 833
3124, 1039
3125, 638
3126, 1435
3127, 739
3128, 1137
3129, 1030
3130, 830
3131, 1038
3132, 930
3133, 1337
3134, 833
3135, 1335
3136, 638
3137, 1234
3138, 632
3139, 1133
3140, 638
3141, 1333
3142, 731
3143, 1038
3144, 637
3145, 1832
3146, 639
3147, 1230
3148, 935
3149, 1335
3150, 739
3151, 1131
3152, 634
3153, 1731
3154, 633
3155, 1436
3156, 735
3157, 1131
3158, 730
3159, 1136
3160, 532
3161, 1232
3162, 837
3163, 1138
3164, 735
3165, 936
3166, 1130
3167, 835
3168, 1330
3169, 736
3170, 1033
3171, 635
3172, 1234
3173, 739
3174, 1336
3175, 734
3176, 1330
3177, 636
3178, 1138
3179, 1335
3180, 1133
3181, 834
3182, 1135
3183, 638
3184, 1033
3185, 1238
3186, 837
3187, 1231
3188, 831
3189, 1034
3190, 635
3191, 1137
3192, 535
3193, 1239
3194, 737
3195, 1335
3196, 635
3197, 1138
3198, 637
3199, 1139
3200, 835
3201, 1238
3202, 538
3203, 1038
3204, 1531
3205, 839
3206, 1135
3207, 838
3208, 1132
3209, 639
3210, 1133
3211, 1331
3212, 1237
3213, 830
3214, 1333
3215, 633
3216, 1231
3217, 730
3218, 1235
3219, 834
3220, 1238
3221, 639
3222, 1135
3223, 537
3224, 1438
3225, 930
3226, 1034
3227, 1233
3228, 730
3229, 1131
3230, 539
3231, 1234
3232, 830
3233, 1335
3234, 538
3235, 1235
3236, 932
3237, 1039
3238, 731
3239, 1332
3240, 631
3241, 1135
3242, 637
3243, 1139
3244, 830
3245, 1134
3246, 1033
3247, 738
3248, 1134
3249, 534
3250, 1233
3251, 835
3252, 1335
3253, 633
3254, 1236
3255, 431
3256, 1236
3257, 637
3258, 1334
3259, 734
3260, 1139
3261, 636
3262, 1233
3263, 831
3264, 1138
3265, 938
3266, 832
3267, 1032
3268, 1536
3269, 1039
3270, 833
3271, 1335
3272, 634
3273, 1236
3274, 634
3275, 1331
3276, 730
3277, 1336
3278, 633
3279, 1133
3280, 636
3281, 1435
3282, 734
3283, 1236
3284, 930
3285, 936
3286, 935
3287, 737
3288, 1233
3289, 734
3290, 1331
3291, 538
3292, 1235
3293, 633
3294, 1837
3295, 633
3296, 1338
3297, 735
3298, 1134
3299, 731
3300, 1730
3301, 738
3302, 1138
3303, 838
3304, 1033
3305, 835
3306, 838
3307, 1139
3308, 830
3309, 1335
3310, 830
3311, 1133
3312, 634
3313, 1136
3314, 635
3315, 1434
3316, 735
3317, 1133
3318, 637
3319, 1930
3320, 833
3321, 1136
3322, 833
3323, 1232
3324, 739
3325, 1031
3326, 1130
3327, 833
3328, 1233
3329, 739
3330, 1036
3331, 634
3332, 1934
3333, 635
3334, 1434
3335, 737
3336, 1234
3337, 639
3338, 1135
3339, 1432
3340, 1133
3341, 833
3342, 1233
3343, 733
3344, 1036
3345, 1533
3346, 932
3347, 1133
3348, 836
3349, 1038
3350, 635
3351, 1939
3352, 832
3353, 2031
3354, 636
3355, 2030
3356, 537
3357, 2234
3358, 1235
3359, 2139
3360, 633
3361, 2137
3362, 437
3363, 2238
3364, 338
3365, 4037
3366, 33
3367, 4033
3368, 33
3369, 4037
3370, 32
3371, 4033
3372, 37
3373, 3837
3374, 134
3375, 3336
3376, 333
3377, 2633
3378, 2232
3379, 1136
3380, 3438
3381, 336
3382, 3938
3383, 430
3384, 4037
3385, 34
3386, 4037
3387, 31
3388, 4036
3389, 31
3390, 3437
3391, 31
3392, 3932
3393, 37
3394, 3834
3395, 131
3396, 3435
3397, 1039
3398, 839
3399, 2232
3400, 536
3401, 1532
3402, 530
3403, 1530
3404, 837
3405, 1236
3406, 937
3407, 932
3408, 933
3409, 1234
3410, 1135
3411, 831
3412, 1332
3413, 632
3414, 1235
3415, 936
3416, 1139
3417, 830
3418, 1333
3419, 730
3420, 1137
3421, 637
3422, 1534
3423, 734
3424, 1237
3425, 735
3426, 938
3427, 831
3428, 734
3429, 1037
3430, 839
3431, 1333
3432, 539
3433, 1139
3434, 1232
3435, 1331
3436, 638
3437, 1430
3438, 637
3439, 1231
3440, 638
3441, 1639
3442, 733
3443, 1332
3444, 731
3445, 1036
3446, 833
3447, 1337
3448, 930
3449, 1030
3450, 1235
3451, 633
3452, 1137
3453, 739
3454, 1331
3455, 731
3456, 1339
3457, 737
3458, 1138
3459, 639
3460, 1835
3461, 732
3462, 1237
3463, 834
3464, 1035
3465, 735
3466, 1237
3467, 736
3468, 935
3469, 1135
3470, 637
3471, 1135
3472, 635
3473, 1030
3474, 639
3475, 1432
3476, 634
3477, 1231
3478, 637
3479, 1732
3480, 638
3481, 1336
3482, 832
3483, 938
3484, 734
3485, 1039
3486, 838
3487, 939
3488, 1031
3489, 838
3490, 1033
3491, 731
3492, 1837
3493, 638
3494, 1339
3495, 737
3496, 1137
3497, 635
3498, 1131
3499, 831
3500, 1139
3501, 830
3502, 1133
3503, 732
3504, 1134
3505, 836
3506, 1035
3507, 933
3508, 1132
3509, 833
3510, 831
3511, 1930
3512, 638
3513, 1430
3514, 831
3515, 1134
3516, 635
3517, 1139
3518, 830
3519, 1230
3520, 831
3521, 1233
3522, 731
3523, 1132
3524, 837
3525, 1130
3526, 931
3527, 1137
3528, 731
3529, 935
3530, 1332
3531, 736
3532, 1331
3533, 831
3534, 1033
3535, 636
3536, 1137
3537, 838
3538, 1236
3539, 739
3540, 1334
3541, 630
3542, 1138
3543, 737
3544, 1037
3545, 836
3546, 1234
3547, 733
3548, 1034
3549, 938
3550, 1033
3551, 1032
3552, 836
3553, 1138
3554, 635
3555, 1133
3556, 1233
3557, 1232
3558, 739
3559, 1336
3560, 537
3561, 1232
3562, 537
3563, 1132
3564, 835
3565, 1239
3566, 733
3567, 1133
3568, 734
3569, 830
3570, 935
3571, 1032
3572, 1138
3573, 639
3574, 1132
3575, 630
3576, 1235
3577, 831
3578, 1335
