1, 536
2, 1233
3, 539
4, 1238
5, 731
6, 1335
7, 631
8, 1132
9, 638
10, 1131
11, 837
12, 1132
13, 1130
14, 734
15, 1132
16, 433
17, 1135
18, 832
19, 1339
20, 636
21, 1237
22, 737
23, 1338
24, 638
25, 1335
26, 637
27, 1135
28, 634
29, 838
30, 736
31, 1234
32, 934
33, 839
34, 1030
35, 830
36, 1135
37, 830
38, 1334
39, 531
40, 1330
41, 539
42, 1732
43, 632
44, 1432
45, 637
46, 1137
47, 632
48, 1230
49, 732
50, 1335
51, 838
52, 935
53, 837
54, 838
55, 1136
56, 732
57, 1333
58, 639
59, 1234
60, 630
61, 1939
62, 634
63, 1434
64, 734
65, 1133
66, 636
67, 1836
68, 634
69, 1334
70, 833
71, 1132
72, 831
73, 938
74, 832
75, 837
76, 1232
77, 734
78, 1036
79, 635
80, 1132
81, 636
82, 1436
83, 735
84, 1039
85, 636
86, 1137
87, 831
88, 1135
89, 832
90, 1133
91, 734
92, 1037
93, 1331
94, 1031
95, 1039
96, 831
97, 1032
98, 730
99, 1436
100, 637
101, 1330
102, 738
103, 1231
104, 635
105, 1231
106, 534
107, 1139
108, 832
109, 1337
110, 733
111, 1137
112, 1432
113, 1035
114, 934
115, 1131
116, 937
117, 833
118, 1136
119, 834
120, 1233
121, 735
122, 1231
123, 634
124, 1138
125, 833
126, 1139
127, 831
128, 1335
129, 632
130, 1136
131, 932
132, 1037
133, 930
134, 1137
135, 831
136, 935
137, 933
138, 1336
139, 1135
140, 830
141, 1435
142, 632
143, 1232
144, 1231
145, 1238
146, 831
147, 1337
148, 534
149, 1233
150, 731
151, 1337
152, 730
153, 1332
154, 637
155, 1031
156, 737
157, 839
158, 1034
159, 833
160, 1430
161, 537
162, 1336
163, 930
164, 1435
165, 638
166, 1536
167, 439
168, 1339
169, 535
170, 1534
171, 633
172, 1531
173, 737
174, 1231
175, 636
176, 1230
177, 836
178, 1135
179, 1233
180, 837
181, 833
182, 1030
183, 1536
184, 1732
185, 1437
186, 1436
187, 1431
188, 1435
189, 1337
190, 1537
191, 1836
192, 738
193, 1330
194, 639
195, 1739
196, 1231
197, 1034
198, 1236
199, 1530
200, 1135
201, 637
202, 1430
203, 732
204, 1539
205, 630
206, 1433
207, 534
208, 1933
209, 633
210, 1535
211, 731
212, 1136
213, 635
214, 1733
215, 538
216, 1436
217, 838
218, 1033
219, 932
220, 837
221, 835
222, 738
223, 1532
224, 635
225, 1239
226, 537
227, 1330
228, 636
229, 1636
230, 634
231, 1230
232, 632
233, 1534
234, 736
235, 1335
236, 737
237, 1230
238, 738
239, 1133
240, 1038
241, 933
242, 1335
243, 734
244, 1330
245, 936
246, 1631
247, 1532
248, 1635
249, 1536
250, 1538
251, 1531
252, 838
253, 2038
254, 1832
255, 831
256, 1532
257, 536
258, 1331
259, 933
260, 1439
261, 732
262, 1138
263, 931
264, 930
265, 1237
266, 1334
267, 1438
268, 636
269, 1639
270, 535
271, 1338
272, 1231
273, 1431
274, 734
275, 1437
276, 537
277, 1335
278, 831
279, 1137
280, 933
281, 1234
282, 933
283, 930
284, 1036
285, 1338
286, 1338
287, 730
288, 1430
289, 534
290, 1530
291, 930
292, 1433
293, 637
294, 1537
295, 538
296, 1338
297, 1035
298, 1730
299, 635
300, 1438
301, 736
302, 1037
303, 839
304, 1334
305, 1138
306, 1236
307, 1339
308, 1537
309, 1430
310, 1632
311, 1434
312, 1534
313, 1632
314, 1635
315, 2031
316, 631
317, 2032
318, 633
319, 1535
320, 538
321, 1231
322, 735
323, 1439
324, 839
325, 1334
326, 835
327, 1136
328, 733
329, 836
330, 739
331, 830
332, 738
333, 639
334, 735
335, 635
336, 530
337, 732
338, 1735
339, 733
340, 1230
341, 638
342, 1031
343, 638
344, 1332
345, 1030
346, 737
347, 1133
348, 638
349, 1732
350, 733
351, 1635
352, 631
353, 1338
354, 535
355, 1735
356, 634
357, 1633
358, 638
359, 1139
360, 635
361, 1338
362, 734
363, 1237
364, 837
365, 1231
366, 839
367, 839
368, 1234
369, 832
370, 1337
371, 1439
372, 1530
373, 1339
374, 1736
375, 1335
376, 1633
377, 1439
378, 1536
379, 1638
380, 1737
381, 736
382, 1337
383, 738
384, 1436
385, 731
386, 1135
387, 1636
388, 1031
389, 1234
390, 1434
391, 833
392, 839
393, 1138
394, 1336
395, 936
396, 836
397, 734
398, 537
399, 931
400, 1235
401, 1435
402, 736
403, 1333
404, 539
405, 1138
406, 432
407, 1135
408, 938
409, 939
410, 1130
411, 732
412, 1232
413, 435
414, 1430
415, 730
416, 1238
417, 535
418, 1335
419, 1232
420, 1337
421, 732
422, 1437
423, 533
424, 1239
425, 332
426, 1433
427, 735
428, 1238
429, 837
430, 934
431, 939
432, 1234
433, 1237
434, 734
435, 1536
436, 533
437, 1434
438, 339
439, 1432
440, 732
441, 1532
442, 532
443, 1332
444, 539
445, 1334
446, 634
447, 1434
448, 735
449, 1038
450, 737
451, 730
452, 1036
453, 931
454, 1434
455, 533
456, 1337
457, 538
458, 1633
459, 631
460, 1631
461, 631
462, 1334
463, 537
464, 1936
465, 633
466, 1439
467, 736
468, 1139
469, 736
470, 937
471, 830
472, 1136
473, 1139
474, 639
475, 1239
476, 630
477, 1139
478, 731
479, 1634
480, 539
481, 1237
482, 534
483, 1832
484, 539
485, 1532
486, 737
487, 1236
488, 637
489, 1735
490, 832
491, 1132
492, 939
493, 938
494, 1036
495, 730
496, 1930
497, 733
498, 1539
499, 631
500, 1331
501, 535
502, 1239
503, 635
504, 1631
505, 731
506, 1235
507, 636
508, 1238
509, 633
510, 1331
511, 836
512, 1234
513, 837
514, 935
515, 1732
516, 830
517, 1530
518, 731
519, 1237
520, 538
521, 1233
522, 637
523, 1632
524, 637
525, 1338
526, 539
527, 1238
528, 435
529, 1333
530, 739
531, 1237
532, 639
533, 1135
534, 1335
535, 936
536, 1235
537, 833
538, 1330
539, 634
540, 1236
541, 631
542, 1434
543, 636
544, 1437
545, 535
546, 1336
547, 538
548, 1334
549, 736
550, 1436
551, 632
552, 1331
553, 639
554, 1135
555, 1238
556, 1636
557, 1331
558, 1532
559, 1437
560, 1337
561, 1431
562, 1631
563, 1539
564, 739
565, 1536
566, 931
567, 1337
568, 637
569, 1535
570, 1332
571, 1138
572, 938
573, 935
574, 537
575, 938
576, 438
577, 736
578, 533
579, 1038
580, 633
581, 635
582, 636
583, 639
584, 1139
585, 439
586, 1430
587, 636
588, 1531
589, 434
590, 1331
591, 632
592, 1932
593, 633
594, 1433
595, 833
596, 1034
597, 835
598, 1532
599, 1037
600, 839
601, 1436
602, 533
603, 1430
604, 538
605, 1632
606, 630
607, 1636
608, 637
609, 1337
610, 535
611, 2231
612, 633
613, 1532
614, 738
615, 1139
616, 736
617, 1036
618, 1030
619, 1039
620, 1236
621, 536
622, 1334
623, 631
624, 1533
625, 731
626, 1732
627, 633
628, 1335
629, 533
630, 1130
631, 630
632, 831
633, 632
634, 736
635, 630
636, 935
637, 538
638, 931
639, 736
640, 1438
641, 1435
642, 1536
643, 1536
644, 1333
645, 1332
646, 1239
647, 1238
648, 1331
649, 1231
650, 634
651, 734
652, 637
653, 1335
654, 1439
655, 1530
656, 630
657, 1034
658, 1436
659, 1731
660, 1336
661, 937
662, 1036
663, 735
664, 1534
665, 730
666, 1430
667, 537
668, 1336
669, 635
670, 1734
671, 634
672, 1236
673, 532
674, 934
675, 238
676, 932
677, 437
678, 837
679, 438
680, 839
681, 431
682, 734
683, 538
684, 634
685, 535
686, 539
687, 1033
688, 631
689, 532
690, 438
691, 536
692, 437
693, 535
694, 330
695, 636
696, 437
697, 731
698, 436
699, 734
700, 239
701, 734
702, 635
703, 931
704, 1230
705, 635
706, 1236
707, 1036
708, 1430
709, 637
710, 1537
711, 532
712, 1337
713, 434
714, 1430
715, 735
716, 1434
717, 631
718, 1332
719, 535
720, 1339
721, 739
722, 1233
723, 834
724, 830
725, 1131
726, 636
727, 1431
728, 734
729, 1534
730, 534
731, 1434
732, 933
733, 1530
734, 637
735, 1532
736, 537
737, 1333
738, 537
739, 1239
740, 636
741, 1339
742, 837
743, 937
744, 938
745, 1435
746, 1039
747, 836
748, 1535
749, 537
750, 1435
751, 1039
752, 1535
753, 537
754, 1632
755, 632
756, 1336
757, 539
758, 1831
759, 639
760, 1030
761, 631
762, 836
763, 638
764, 1136
765, 735
766, 1537
767, 1234
768, 1332
769, 1239
770, 1336
771, 1333
772, 535
773, 633
774, 1332
775, 1438
776, 1538
777, 1335
778, 738
779, 1535
780, 1530
781, 1635
782, 931
783, 1135
784, 737
785, 1037
786, 1134
787, 735
788, 1330
789, 633
790, 2135
791, 1131
792, 832
793, 733
794, 637
795, 439
796, 931
797, 439
798, 637
799, 535
800, 631
801, 433
802, 636
803, 834
804, 637
805, 432
806, 636
807, 431
808, 536
809, 531
810, 437
811, 437
812, 438
813, 435
814, 437
815, 436
816, 437
817, 731
818, 839
819, 1236
820, 637
821, 1237
822, 1036
823, 1138
824, 832
825, 1131
826, 830
827, 938
828, 1138
829, 738
830, 1435
831, 734
832, 1139
833, 537
834, 1337
835, 833
836, 1434
837, 638
838, 1431
839, 630
840, 1331
841, 1033
842, 1236
843, 736
844, 1430
845, 735
846, 1136
847, 830
848, 1032
849, 1230
850, 832
851, 1332
852, 631
853, 1239
854, 933
855, 1434
856, 634
857, 1539
858, 531
859, 1339
860, 1336
861, 1333
862, 737
863, 1437
864, 633
865, 1239
866, 636
867, 1239
868, 838
869, 1035
870, 1130
871, 632
872, 1235
873, 1430
874, 1339
875, 730
876, 1631
877, 533
878, 1435
879, 430
880, 1532
881, 638
882, 1439
883, 530
884, 1334
885, 539
886, 1331
887, 931
888, 1434
889, 737
890, 930
891, 731
892, 932
893, 1437
894, 1539
895, 1531
896, 1339
897, 1531
898, 1332
899, 1634
900, 1632
901, 1530
902, 1534
903, 1637
904, 831
905, 2238
906, 635
907, 1432
908, 930
909, 1034
910, 839
911, 834
912, 1137
913, 839
914, 1039
915, 630
916, 735
917, 538
918, 434
919, 535
920, 734
921, 533
922, 737
923, 733
924, 733
925, 534
926, 834
927, 539
928, 830
929, 439
930, 936
931, 433
932, 638
933, 631
934, 535
935, 537
936, 534
937, 737
938, 534
939, 635
940, 536
941, 632
942, 531
943, 538
944, 530
945, 838
946, 537
947, 1136
948, 733
949, 1238
950, 932
951, 935
952, 1138
953, 839
954, 1234
955, 631
956, 1934
957, 638
958, 1537
959, 639
960, 1236
961, 539
962, 2139
963, 630
964, 1436
965, 738
966, 1134
967, 638
968, 1234
969, 1331
970, 1037
971, 1031
972, 939
973, 939
974, 636
975, 1238
976, 733
977, 1539
978, 730
979, 1136
980, 533
981, 1336
982, 831
983, 1338
984, 733
985, 1333
986, 637
987, 1332
988, 1239
989, 1234
990, 838
991, 1139
992, 1037
993, 836
994, 1330
995, 837
996, 1337
997, 730
998, 1438
999, 534
1000, 1338
1001, 839
1002, 1432
1003, 639
1004, 1536
1005, 537
1006, 1338
1007, 534
1008, 1237
1009, 837
1010, 1131
1011, 731
1012, 1134
1013, 1336
1014, 1437
1015, 1432
1016, 1435
1017, 1537
1018, 1632
1019, 1535
1020, 1831
1021, 1632
1022, 1734
1023, 1738
1024, 631
1025, 1337
1026, 630
1027, 2135
1028, 633
1029, 1439
1030, 738
1031, 1133
1032, 736
1033, 730
1034, 1136
1035, 933
1036, 739
1037, 634
1038, 635
1039, 632
1040, 632
1041, 630
1042, 637
1043, 539
1044, 735
1045, 538
1046, 1037
1047, 531
1048, 736
1049, 530
1050, 732
1051, 533
1052, 939
1053, 431
1054, 730
1055, 535
1056, 531
1057, 634
1058, 738
1059, 1138
1060, 635
1061, 1630
1062, 630
1063, 1139
1064, 539
1065, 1137
1066, 633
1067, 1437
1068, 738
1069, 1234
1070, 731
1071, 936
1072, 932
1073, 939
1074, 1136
1075, 835
1076, 1235
1077, 630
1078, 1236
1079, 639
1080, 1634
1081, 731
1082, 1237
1083, 538
1084, 1436
1085, 630
1086, 1533
1087, 739
1088, 1236
1089, 730
1090, 1233
1091, 1332
1092, 1038
1093, 1036
1094, 939
1095, 1130
1096, 634
1097, 2230
1098, 730
1099, 1539
1100, 637
1101, 1330
1102, 537
1103, 1435
1104, 832
1105, 1430
1106, 732
1107, 1334
1108, 634
1109, 1237
1110, 1433
1111, 1138
1112, 934
1113, 1136
1114, 1036
1115, 739
1116, 1634
1117, 833
1118, 939
1119, 1532
1120, 1436
1121, 1436
1122, 1532
1123, 1434
1124, 1534
1125, 1535
1126, 1535
1127, 1635
1128, 1731
1129, 1633
1130, 1330
1131, 835
1132, 1237
1133, 738
1134, 930
1135, 1033
1136, 1033
1137, 1339
1138, 731
1139, 1531
1140, 534
1141, 1432
1142, 630
1143, 1532
1144, 939
1145, 1039
1146, 536
1147, 931
1148, 634
1149, 838
1150, 537
1151, 930
1152, 530
1153, 739
1154, 534
1155, 531
1156, 630
1157, 637
1158, 730
1159, 635
1160, 731
1161, 931
1162, 731
1163, 734
1164, 1733
1165, 433
1166, 1336
1167, 633
1168, 1435
1169, 730
1170, 1338
1171, 736
1172, 1034
1173, 833
1174, 1439
1175, 1032
1176, 935
1177, 1432
1178, 530
1179, 1333
1180, 1332
1181, 1531
1182, 539
1183, 1537
1184, 630
1185, 1333
1186, 537
1187, 1433
1188, 731
1189, 1437
1190, 738
1191, 1039
1192, 738
1193, 1639
1194, 838
1195, 1034
1196, 1335
1197, 531
1198, 1333
1199, 537
1200, 1634
1201, 636
1202, 1630
1203, 731
1204, 1430
1205, 535
1206, 2235
1207, 633
1208, 1530
1209, 737
1210, 1234
1211, 733
1212, 1234
1213, 933
1214, 1135
1215, 1232
1216, 632
1217, 1330
1218, 631
1219, 2039
1220, 639
1221, 1635
1222, 636
1223, 1330
1224, 538
1225, 1239
1226, 538
1227, 1538
1228, 1138
1229, 1038
1230, 1036
1231, 1631
1232, 1431
1233, 1533
1234, 1335
1235, 1535
1236, 1533
1237, 1238
1238, 1231
1239, 1639
1240, 1633
1241, 1631
1242, 1533
1243, 539
1244, 2033
1245, 738
1246, 1338
1247, 735
1248, 1530
1249, 635
1250, 1330
1251, 1435
1252, 1137
1253, 837
1254, 837
1255, 1331
1256, 1334
1257, 1032
1258, 635
1259, 735
1260, 835
1261, 831
1262, 639
1263, 737
1264, 831
1265, 739
1266, 737
1267, 938
1268, 632
1269, 1730
1270, 937
1271, 1239
1272, 933
1273, 1139
1274, 737
1275, 833
1276, 1031
1277, 639
1278, 1532
1279, 730
1280, 1338
1281, 539
1282, 1334
1283, 1233
1284, 1338
1285, 731
1286, 1530
1287, 538
1288, 1330
1289, 739
1290, 1333
1291, 834
1292, 1236
1293, 638
1294, 932
1295, 1338
1296, 933
1297, 1330
1298, 733
1299, 1534
1300, 538
1301, 1335
1302, 734
1303, 1431
1304, 639
1305, 1530
1306, 536
1307, 1332
1308, 1431
1309, 1331
1310, 833
1311, 1334
1312, 636
1313, 1038
1314, 836
1315, 1432
1316, 1139
1317, 736
1318, 1336
1319, 537
1320, 1335
1321, 1336
1322, 1435
1323, 730
1324, 1532
1325, 439
1326, 1337
1327, 539
1328, 1533
1329, 633
1330, 1434
1331, 734
1332, 1130
1333, 734
1334, 831
1335, 1038
1336, 933
1337, 1439
1338, 536
1339, 1430
1340, 1235
1341, 1633
1342, 635
1343, 1632
1344, 531
1345, 1431
1346, 535
1347, 1039
1348, 633
1349, 1133
1350, 1238
1351, 1538
1352, 1333
1353, 1630
1354, 1438
1355, 1438
1356, 538
1357, 930
1358, 1630
1359, 1335
1360, 1532
1361, 931
1362, 1731
1363, 635
1364, 1338
1365, 538
1366, 1034
1367, 633
1368, 1534
1369, 734
1370, 1134
1371, 732
1372, 1235
1373, 738
1374, 1033
1375, 1235
1376, 634
1377, 839
1378, 931
1379, 635
1380, 735
1381, 732
1382, 638
1383, 738
1384, 831
1385, 836
1386, 539
1387, 739
1388, 536
1389, 730
1390, 533
1391, 734
1392, 234
1393, 732
1394, 536
1395, 734
1396, 637
1397, 1032
1398, 2235
1399, 730
1400, 1537
1401, 639
1402, 1134
1403, 537
1404, 1139
1405, 739
1406, 1331
1407, 736
1408, 1336
1409, 637
1410, 1236
1411, 930
1412, 1038
1413, 939
1414, 1034
1415, 936
1416, 638
1417, 1937
1418, 730
1419, 1632
1420, 639
1421, 1434
1422, 538
1423, 1335
1424, 832
1425, 1337
1426, 734
1427, 1438
1428, 538
1429, 1239
1430, 1331
1431, 1135
1432, 933
1433, 1138
1434, 1036
1435, 833
1436, 1736
1437, 839
1438, 1434
1439, 637
1440, 1336
1441, 535
1442, 1430
1443, 1333
1444, 1430
1445, 731
1446, 1535
1447, 633
1448, 1437
1449, 934
1450, 1033
1451, 837
1452, 1534
1453, 1433
1454, 1537
1455, 1336
1456, 1532
1457, 1531
1458, 1539
1459, 1630
1460, 1531
1461, 1338
1462, 1533
1463, 1538
1464, 1630
1465, 1638
1466, 1539
1467, 1732
1468, 1537
1469, 1436
1470, 637
1471, 1335
1472, 833
1473, 1036
1474, 936
1475, 1431
1476, 1330
1477, 735
1478, 1239
1479, 1237
1480, 935
1481, 1038
1482, 733
1483, 732
1484, 730
1485, 537
1486, 736
1487, 932
1488, 739
1489, 632
1490, 836
1491, 538
1492, 738
1493, 439
1494, 534
1495, 439
1496, 632
1497, 536
1498, 631
1499, 636
1500, 833
1501, 633
1502, 732
1503, 833
1504, 732
1505, 1239
1506, 538
1507, 1234
1508, 638
1509, 1338
1510, 838
1511, 1130
1512, 731
1513, 1036
1514, 939
1515, 932
1516, 1335
1517, 536
1518, 1332
1519, 1238
1520, 1439
1521, 731
1522, 1534
1523, 530
1524, 1335
1525, 537
1526, 1232
1527, 634
1528, 1432
1529, 738
1530, 1130
1531, 739
1532, 1135
1533, 938
1534, 1035
1535, 1237
1536, 533
1537, 1239
1538, 539
1539, 1132
1540, 636
1541, 1630
1542, 538
1543, 1233
1544, 537
1545, 1331
1546, 633
1547, 1531
1548, 736
1549, 1133
1550, 733
1551, 1232
1552, 936
1553, 938
1554, 1138
1555, 734
1556, 1236
1557, 630
1558, 2130
1559, 639
1560, 1633
1561, 634
1562, 1238
1563, 535
1564, 2236
1565, 630
1566, 1439
1567, 736
1568, 1137
1569, 1038
1570, 1034
1571, 833
1572, 937
1573, 1432
1574, 1531
1575, 1336
1576, 1532
1577, 1335
1578, 1536
1579, 1332
1580, 1035
1581, 1538
1582, 1636
1583, 1531
1584, 1133
1585, 1639
1586, 737
1587, 1231
1588, 638
1589, 1236
1590, 336
1591, 1137
1592, 1032
1593, 938
1594, 1033
1595, 634
1596, 2230
1597, 730
1598, 1636
1599, 633
1600, 1434
1601, 537
1602, 938
1603, 730
1604, 730
1605, 631
1606, 632
1607, 436
1608, 632
1609, 232
1610, 536
1611, 339
1612, 632
1613, 436
1614, 538
1615, 437
1616, 433
1617, 530
1618, 534
1619, 439
1620, 538
1621, 638
1622, 733
1623, 1435
1624, 731
1625, 1432
1626, 637
1627, 1235
1628, 939
1629, 1232
1630, 931
1631, 1231
1632, 835
1633, 832
1634, 1039
1635, 836
1636, 1332
1637, 737
1638, 1239
1639, 536
1640, 1333
1641, 836
1642, 1430
1643, 731
1644, 1435
1645, 637
1646, 1331
1647, 933
1648, 1233
1649, 837
1650, 1233
1651, 637
1652, 836
1653, 1031
1654, 1435
1655, 1237
1656, 735
1657, 1431
1658, 532
1659, 1333
1660, 431
1661, 1434
1662, 733
1663, 1437
1664, 634
1665, 1331
1666, 733
1667, 1439
1668, 639
1669, 1332
1670, 637
1671, 932
1672, 933
1673, 1436
1674, 1237
1675, 734
1676, 1539
1677, 534
1678, 1435
1679, 530
1680, 1431
1681, 731
1682, 1536
1683, 531
1684, 1334
1685, 533
1686, 1534
1687, 1130
1688, 1434
1689, 930
1690, 1230
1691, 1332
1692, 1834
1693, 1338
1694, 1539
1695, 1539
1696, 1631
1697, 1439
1698, 1734
1699, 1631
1700, 1738
1701, 1937
1702, 636
1703, 1335
1704, 630
1705, 2231
1706, 635
1707, 1436
1708, 832
1709, 1036
1710, 736
1711, 1131
1712, 1134
1713, 833
1714, 738
1715, 637
1716, 634
1717, 636
1718, 731
1719, 631
1720, 730
1721, 634
1722, 733
1723, 537
1724, 834
1725, 439
1726, 638
1727, 434
1728, 630
1729, 338
1730, 639
1731, 336
1732, 638
1733, 638
1734, 634
1735, 837
1736, 834
1737, 1238
1738, 634
1739, 1537
1740, 638
1741, 1139
1742, 634
1743, 1039
1744, 637
1745, 1436
1746, 737
1747, 1131
1748, 738
1749, 832
1750, 1035
1751, 838
1752, 1334
1753, 738
1754, 1331
1755, 537
1756, 2137
1757, 635
1758, 1534
1759, 539
1760, 1138
1761, 634
1762, 1238
1763, 631
1764, 1430
1765, 832
1766, 1036
1767, 735
1768, 1034
1769, 1031
1770, 836
1771, 1136
1772, 837
1773, 1136
1774, 635
1775, 1732
1776, 636
1777, 1337
1778, 738
1779, 1137
1780, 639
1781, 1035
1782, 739
1783, 1330
1784, 831
1785, 1232
1786, 734
1787, 1034
1788, 1132
1789, 937
1790, 1136
1791, 837
1792, 939
1793, 638
1794, 1835
1795, 637
1796, 1431
1797, 830
1798, 1133
1799, 637
1800, 1137
1801, 931
1802, 1137
1803, 837
1804, 1136
1805, 733
1806, 1036
1807, 731
1808, 938
1809, 1039
1810, 937
1811, 935
1812, 730
1813, 1733
1814, 636
1815, 1438
1816, 738
1817, 1236
1818, 636
1819, 1135
1820, 739
1821, 1138
1822, 835
1823, 1230
1824, 633
1825, 1036
1826, 737
1827, 1039
1828, 1032
1829, 1033
1830, 1131
1831, 734
1832, 1838
1833, 834
1834, 1333
1835, 736
1836, 1230
1837, 634
1838, 1136
1839, 1338
1840, 1233
1841, 833
1842, 1137
1843, 631
1844, 1130
1845, 530
1846, 1031
1847, 938
1848, 1037
1849, 932
1850, 736
1851, 1434
1852, 833
1853, 1232
1854, 738
1855, 1337
1856, 633
1857, 1138
1858, 933
1859, 1236
1860, 835
1861, 1330
1862, 731
1863, 1137
1864, 931
1865, 1037
1866, 935
1867, 1130
1868, 930
1869, 831
1870, 1034
1871, 1432
1872, 1135
