1, 737
2, 1032
3, 733
4, 836
5, 1137
6, 837
7, 1132
8, 730
9, 1838
10, 831
11, 1432
12, 735
13, 1232
14, 638
15, 1135
16, 1333
17, 1135
18, 835
19, 1331
20, 633
21, 1035
22, 637
23, 839
24, 1039
25, 936
26, 1035
27, 735
28, 1035
29, 834
30, 1234
31, 830
32, 1234
33, 632
34, 1137
35, 1537
36, 1134
37, 837
38, 1237
39, 831
40, 1134
41, 1238
42, 1030
43, 1131
44, 933
45, 1030
46, 638
47, 1136
48, 1436
49, 1330
50, 839
51, 1330
52, 533
53, 1238
54, 937
55, 1236
56, 832
57, 1432
58, 537
59, 1235
60, 1336
61, 1235
62, 838
63, 1035
64, 1236
65, 638
66, 1235
67, 433
68, 1434
69, 730
70, 1539
71, 531
72, 1435
73, 1138
74, 1337
75, 735
76, 1532
77, 532
78, 1239
79, 631
80, 1839
81, 739
82, 1138
83, 1136
84, 730
85, 1237
86, 1133
87, 1435
88, 730
89, 1632
90, 439
91, 1437
92, 1031
93, 1436
94, 538
95, 1533
96, 636
97, 1238
98, 538
99, 1934
100, 738
101, 1237
102, 1133
103, 734
104, 1230
105, 1231
106, 1239
107, 735
108, 1634
109, 438
110, 1437
111, 531
112, 1839
113, 630
114, 1535
115, 832
116, 1239
117, 637
118, 1939
119, 730
120, 1330
121, 939
122, 838
123, 1130
124, 1131
125, 1332
126, 733
127, 1633
128, 531
129, 1532
130, 533
131, 1733
132, 633
133, 1633
134, 638
135, 1237
136, 635
137, 1939
138, 631
139, 1430
140, 932
141, 932
142, 1037
143, 737
144, 1637
145, 735
146, 1637
147, 632
148, 1439
149, 537
150, 2134
151, 635
152, 1632
153, 638
154, 1139
155, 634
156, 1138
157, 733
158, 1435
159, 838
160, 1030
161, 937
162, 836
163, 1930
164, 735
165, 1431
166, 1033
167, 836
168, 834
169, 730
170, 830
171, 1530
172, 1537
173, 1431
174, 1634
175, 1634
176, 1636
177, 1237
178, 831
179, 935
180, 732
181, 839
182, 639
183, 833
184, 830
185, 836
186, 834
187, 1038
188, 2138
189, 833
190, 1637
191, 638
192, 1234
193, 631
194, 1239
195, 1339
196, 1139
197, 1337
198, 832
199, 635
200, 1336
201, 1437
202, 1539
203, 1534
204, 1536
205, 934
206, 837
207, 831
208, 833
209, 833
210, 738
211, 834
212, 837
213, 838
214, 635
215, 932
216, 1531
217, 1631
218, 1439
219, 1632
220, 1232
221, 1437
222, 1532
223, 1436
224, 1332
225, 834
226, 632
227, 631
228, 538
229, 537
230, 632
231, 532
232, 630
233, 437
234, 630
235, 532
236, 637
237, 532
238, 934
239, 1232
240, 1338
241, 1035
242, 839
243, 1139
244, 635
245, 1233
246, 937
247, 1337
248, 733
249, 1532
250, 538
251, 1235
252, 932
253, 1332
254, 738
255, 1334
256, 633
257, 1234
258, 1339
259, 1137
260, 936
261, 939
262, 1037
263, 637
264, 1139
265, 637
266, 1431
267, 731
268, 1235
269, 531
270, 1336
271, 1539
272, 1235
273, 737
274, 1432
275, 635
276, 1235
277, 733
278, 1333
279, 832
280, 1130
281, 1033
282, 731
283, 1137
284, 1436
285, 1333
286, 734
287, 1534
288, 535
289, 1336
290, 931
291, 1233
292, 734
293, 1432
294, 438
295, 1236
296, 630
297, 1035
298, 739
299, 1233
300, 1036
301, 736
302, 1135
303, 537
304, 1337
305, 739
306, 1537
307, 536
308, 1435
309, 533
310, 1631
311, 537
312, 1538
313, 738
314, 1337
315, 538
316, 1232
317, 730
318, 1438
319, 936
320, 839
321, 1131
322, 1536
323, 1534
324, 933
325, 1733
326, 438
327, 1631
328, 535
329, 1435
330, 536
331, 1231
332, 733
333, 933
334, 736
335, 739
336, 537
337, 936
338, 537
339, 833
340, 635
341, 938
342, 833
343, 1530
344, 1530
345, 1632
346, 1539
347, 1538
348, 1438
349, 1535
350, 1632
351, 1430
352, 734
353, 532
354, 1036
355, 337
356, 837
357, 833
358, 1738
359, 1034
360, 933
361, 1738
362, 739
363, 1538
364, 634
365, 1438
366, 537
367, 1835
368, 830
369, 936
370, 732
371, 832
372, 639
373, 1639
374, 1239
375, 1533
376, 1431
377, 1537
378, 1435
379, 1137
380, 539
381, 834
382, 737
383, 736
384, 636
385, 734
386, 936
387, 833
388, 1531
389, 1436
390, 1534
391, 1530
392, 1539
393, 1333
394, 1434
395, 1335
396, 1336
397, 630
398, 633
399, 631
400, 636
401, 539
402, 633
403, 536
404, 539
405, 738
406, 631
407, 637
408, 635
409, 938
410, 638
411, 1332
412, 1437
413, 1237
414, 735
415, 1432
416, 633
417, 1134
418, 639
419, 839
420, 1139
421, 838
422, 1232
423, 635
424, 1235
425, 736
426, 1430
427, 731
428, 1236
429, 536
430, 1236
431, 432
432, 1239
433, 832
434, 1432
435, 539
436, 1139
437, 1531
438, 1031
439, 1038
440, 936
441, 933
442, 634
443, 1233
444, 1335
445, 1335
446, 732
447, 1536
448, 531
449, 1335
450, 431
451, 1333
452, 830
453, 1432
454, 532
455, 1235
456, 634
457, 1035
458, 833
459, 1132
460, 939
461, 639
462, 1230
463, 1533
464, 1332
465, 732
466, 1532
467, 539
468, 1430
469, 1134
470, 1434
471, 638
472, 1435
473, 638
474, 1331
475, 539
476, 1335
477, 739
478, 1234
479, 939
480, 735
481, 1134
482, 631
483, 1232
484, 735
485, 1535
486, 533
487, 1431
488, 1438
489, 1437
490, 538
491, 1438
492, 734
493, 1236
494, 633
495, 1339
496, 730
497, 1332
498, 934
499, 833
500, 1032
501, 539
502, 1230
503, 836
504, 1531
505, 538
506, 1434
507, 536
508, 1439
509, 630
510, 1533
511, 536
512, 1236
513, 630
514, 1431
515, 639
516, 1430
517, 931
518, 1034
519, 934
520, 932
521, 1239
522, 833
523, 1531
524, 439
525, 1433
526, 534
527, 1036
528, 633
529, 1631
530, 730
531, 1239
532, 637
533, 1035
534, 734
535, 1439
536, 832
537, 1037
538, 835
539, 936
540, 739
541, 835
542, 1538
543, 636
544, 1333
545, 539
546, 1432
547, 639
548, 1737
549, 632
550, 1438
551, 630
552, 1331
553, 737
554, 1331
555, 438
556, 935
557, 436
558, 830
559, 238
560, 735
561, 1437
562, 1438
563, 1437
564, 1531
565, 1834
566, 1337
567, 1531
568, 1434
569, 1431
570, 935
571, 835
572, 535
573, 835
574, 634
575, 935
576, 1234
577, 1439
578, 830
579, 938
580, 1234
581, 833
582, 1330
583, 633
584, 2232
585, 639
586, 1038
587, 831
588, 836
589, 1433
590, 1533
591, 1634
592, 1438
593, 1430
594, 1437
595, 639
596, 739
597, 632
598, 638
599, 539
600, 638
601, 533
602, 638
603, 934
604, 1730
605, 1432
606, 1433
607, 1433
608, 1438
609, 1432
610, 1633
611, 1435
612, 1330
613, 936
614, 534
615, 638
616, 637
617, 538
618, 432
619, 631
620, 433
621, 530
622, 530
623, 533
624, 533
625, 439
626, 635
627, 734
628, 937
629, 1230
630, 1332
631, 735
632, 1337
633, 534
634, 1235
635, 633
636, 1335
637, 738
638, 1137
639, 1131
640, 830
641, 1132
642, 1438
643, 1238
644, 735
645, 1530
646, 437
647, 1334
648, 1033
649, 1238
650, 731
651, 1434
652, 536
653, 1237
654, 539
655, 1131
656, 736
657, 1331
658, 935
659, 832
660, 1036
661, 1338
662, 1233
663, 739
664, 1439
665, 537
666, 1430
667, 534
668, 1530
669, 538
670, 1531
671, 637
672, 1236
673, 631
674, 1437
675, 636
676, 1338
677, 838
678, 939
679, 939
680, 1631
681, 1332
682, 836
683, 1530
684, 534
685, 1430
686, 535
687, 1531
688, 538
689, 1438
690, 533
691, 1135
692, 633
693, 1836
694, 538
695, 1339
696, 838
697, 1037
698, 836
699, 735
700, 1139
701, 737
702, 1439
703, 635
704, 1432
705, 536
706, 1735
707, 635
708, 1837
709, 537
710, 1535
711, 532
712, 2033
713, 438
714, 3031
715, 36
716, 4034
717, 133
718, 4036
719, 430
720, 4034
721, 35
722, 3936
723, 36
724, 3936
725, 735
726, 3838
727, 38
728, 3836
729, 938
730, 2137
731, 3231
732, 1137
733, 3830
734, 231
735, 3336
736, 933
737, 1537
738, 838
739, 1032
740, 1336
741, 739
742, 1432
743, 636
744, 1635
745, 835
746, 1431
747, 731
748, 1535
749, 631
750, 1236
751, 433
752, 1333
753, 832
754, 1433
755, 631
756, 1133
757, 735
758, 937
759, 1139
760, 837
761, 1130
762, 631
763, 1234
764, 1638
765, 1337
766, 731
767, 1538
768, 533
769, 1334
770, 938
771, 1235
772, 834
773, 1339
774, 636
775, 1231
776, 832
777, 1432
778, 930
779, 1030
780, 1139
781, 632
782, 1139
783, 1138
784, 1335
785, 731
786, 1533
787, 535
788, 1337
789, 731
790, 1235
791, 831
792, 1339
793, 438
794, 1232
795, 633
796, 1539
797, 833
798, 1132
799, 1031
800, 636
801, 1234
802, 331
803, 1332
804, 737
805, 1535
806, 531
807, 1338
808, 1137
809, 1437
810, 632
811, 1433
812, 635
813, 1235
814, 632
815, 1831
816, 736
817, 1235
818, 1037
819, 735
820, 1135
821, 1337
822, 1139
823, 833
824, 1532
825, 436
826, 1337
827, 535
828, 1632
829, 632
830, 1437
831, 832
832, 1236
833, 633
834, 1035
835, 732
836, 1238
837, 935
838, 737
839, 1032
840, 731
841, 1431
842, 730
843, 1439
844, 636
845, 1337
846, 536
847, 1634
848, 633
849, 1533
850, 639
851, 1136
852, 637
853, 1337
854, 539
855, 1335
856, 931
857, 1032
858, 934
859, 739
860, 1034
861, 735
862, 1531
863, 539
864, 1139
865, 536
866, 1933
867, 635
868, 1536
869, 733
870, 1233
871, 638
872, 2037
873, 736
874, 1233
875, 833
876, 1139
877, 835
878, 930
879, 1835
880, 739
881, 1435
882, 736
883, 1135
884, 538
885, 939
886, 636
887, 1634
888, 733
889, 1238
890, 633
891, 1234
892, 739
893, 1234
894, 739
895, 1236
896, 834
897, 1032
898, 1138
899, 836
900, 1335
901, 736
902, 1036
903, 539
904, 2132
905, 638
906, 1538
907, 639
908, 1236
909, 630
910, 1234
911, 531
912, 1334
913, 739
914, 1335
915, 730
916, 1039
917, 636
918, 935
919, 1231
920, 737
921, 1237
922, 634
923, 1532
924, 836
925, 1339
926, 730
927, 1237
928, 539
929, 1237
930, 1334
931, 1237
932, 737
933, 1430
934, 539
935, 1137
936, 630
937, 1034
938, 1138
939, 931
940, 1135
941, 634
942, 1237
943, 533
944, 1439
945, 732
946, 1534
947, 534
948, 1330
949, 1031
950, 1238
951, 739
952, 1432
953, 637
954, 1236
955, 1134
956, 1332
957, 1036
958, 1031
959, 1034
960, 630
961, 1231
962, 1533
963, 1337
964, 730
965, 1536
966, 532
967, 1336
968, 1530
969, 1233
970, 738
971, 1432
972, 630
973, 1237
974, 632
975, 1430
976, 830
977, 1138
978, 938
979, 734
980, 1138
981, 1330
982, 1338
983, 737
984, 1539
985, 530
986, 1339
987, 1435
988, 1435
989, 630
990, 1436
991, 539
992, 1238
993, 630
994, 1733
995, 734
996, 1238
997, 938
998, 736
999, 1038
1000, 736
1001, 1232
1002, 834
1003, 1439
1004, 537
1005, 1337
1006, 835
1007, 1835
1008, 632
1009, 1532
1010, 639
1011, 1231
1012, 639
1013, 2036
1014, 638
1015, 1335
1016, 933
1017, 939
1018, 1030
1019, 539
1020, 1236
1021, 733
1022, 1532
1023, 537
1024, 1431
1025, 536
1026, 1833
1027, 632
1028, 1533
1029, 733
1030, 1331
1031, 638
1032, 1037
1033, 639
1034, 1433
1035, 837
1036, 939
1037, 931
1038, 833
1039, 1238
1040, 736
1041, 1530
1042, 536
1043, 1339
1044, 537
1045, 1732
1046, 637
1047, 1632
1048, 731
1049, 1136
1050, 637
1051, 1837
1052, 537
1053, 1432
1054, 833
1055, 938
1056, 833
1057, 938
1058, 739
1059, 836
1060, 1435
1061, 736
1062, 1139
1063, 538
1064, 1338
1065, 637
1066, 1632
1067, 636
1068, 1239
1069, 633
1070, 1530
1071, 739
1072, 1236
1073, 739
1074, 1230
1075, 736
1076, 1036
1077, 839
1078, 932
1079, 1239
1080, 830
1081, 1135
1082, 631
1083, 1931
1084, 834
1085, 1538
1086, 639
1087, 1436
1088, 631
1089, 1239
1090, 634
1091, 1236
1092, 734
1093, 1431
1094, 633
1095, 1136
1096, 1431
1097, 939
1098, 1138
1099, 839
1100, 1235
1101, 635
1102, 1633
1103, 838
1104, 1432
1105, 730
1106, 1538
1107, 536
1108, 1237
1109, 1033
1110, 1331
1111, 738
1112, 1432
1113, 638
1114, 1234
1115, 735
1116, 1038
1117, 1037
1118, 1031
1119, 1135
1120, 637
1121, 1232
1122, 535
1123, 1430
1124, 730
1125, 1335
1126, 533
1127, 1431
1128, 937
1129, 1331
1130, 831
1131, 1431
1132, 539
1133, 1232
1134, 735
1135, 1336
1136, 832
1137, 1135
1138, 1137
1139, 734
1140, 1134
1141, 532
1142, 1332
1143, 737
1144, 1532
1145, 533
1146, 1338
1147, 1134
1148, 1232
1149, 830
1150, 1432
1151, 631
1152, 1234
1153, 632
1154, 1231
1155, 737
1156, 1238
1157, 1034
1158, 738
1159, 1130
1160, 1533
1161, 1235
1162, 835
1163, 1438
1164, 539
1165, 1338
1166, 535
1167, 1531
1168, 632
1169, 1530
1170, 636
1171, 1231
1172, 631
1173, 1032
1174, 730
1175, 1332
