1, 635
2, 1033
3, 631
4, 931
5, 1131
6, 934
7, 938
8, 638
9, 1132
10, 1037
11, 1233
12, 834
13, 1338
14, 634
15, 1134
16, 537
17, 1235
18, 838
19, 1330
20, 535
21, 1131
22, 731
23, 1232
24, 837
25, 1036
26, 832
27, 734
28, 1038
29, 537
30, 1238
31, 738
32, 1433
33, 539
34, 1238
35, 1436
36, 1133
37, 733
38, 1336
39, 535
40, 1138
41, 635
42, 1332
43, 737
44, 1232
45, 1030
46, 833
47, 934
48, 830
49, 1236
50, 832
51, 1430
52, 536
53, 1331
54, 1332
55, 1333
56, 733
57, 1432
58, 635
59, 1233
60, 634
61, 1036
62, 731
63, 1333
64, 735
65, 936
66, 830
67, 1333
68, 1032
69, 930
70, 1338
71, 537
72, 1236
73, 436
74, 1230
75, 831
76, 1437
77, 634
78, 1236
79, 631
80, 2134
81, 639
82, 1335
83, 838
84, 1134
85, 731
86, 934
87, 933
88, 1037
89, 1139
90, 733
91, 1232
92, 439
93, 1432
94, 737
95, 1530
96, 633
97, 1332
98, 630
99, 1834
100, 639
101, 1432
102, 830
103, 1132
104, 732
105, 1539
106, 835
107, 1139
108, 1034
109, 736
110, 1035
111, 639
112, 1337
113, 730
114, 1438
115, 639
116, 1139
117, 537
118, 1437
119, 634
120, 1437
121, 832
122, 1030
123, 732
124, 2137
125, 831
126, 1139
127, 935
128, 1037
129, 932
130, 832
131, 1638
132, 734
133, 1433
134, 734
135, 1237
136, 634
137, 1536
138, 637
139, 1438
140, 738
141, 1032
142, 639
143, 1136
144, 1133
145, 1139
146, 835
147, 1138
148, 830
149, 938
150, 1539
151, 834
152, 1238
153, 830
154, 1235
155, 639
156, 1431
157, 835
158, 1238
159, 733
160, 1231
161, 634
162, 1139
163, 1138
164, 1235
165, 836
166, 1136
167, 634
168, 1131
169, 1535
170, 934
171, 1136
172, 936
173, 1133
174, 730
175, 1138
176, 1139
177, 1333
178, 737
179, 1339
180, 631
181, 1231
182, 1237
183, 1230
184, 832
185, 1333
186, 639
187, 1138
188, 635
189, 1238
190, 836
191, 1137
192, 832
193, 739
194, 1133
195, 1232
196, 1239
197, 738
198, 1439
199, 534
200, 1330
201, 1134
202, 1231
203, 832
204, 1335
205, 637
206, 1233
207, 635
208, 933
209, 831
210, 1236
211, 839
212, 832
213, 937
214, 1539
215, 1036
216, 831
217, 1434
218, 639
219, 1330
220, 531
221, 1437
222, 634
223, 1435
224, 831
225, 1138
226, 638
227, 1832
228, 733
229, 1335
230, 838
231, 939
232, 836
233, 1337
234, 931
235, 933
236, 1335
237, 638
238, 1232
239, 633
240, 1537
241, 731
242, 1433
243, 737
244, 1138
245, 732
246, 1439
247, 734
248, 1334
249, 837
250, 1039
251, 739
252, 1038
253, 1834
254, 837
255, 1230
256, 732
257, 1137
258, 636
259, 1833
260, 639
261, 1531
262, 731
263, 1331
264, 636
265, 1538
266, 632
267, 1234
268, 835
269, 1031
270, 731
271, 1131
272, 535
273, 1038
274, 1131
275, 1030
276, 1130
277, 730
278, 1636
279, 730
280, 1432
281, 736
282, 1039
283, 634
284, 1035
285, 835
286, 1231
287, 832
288, 1130
289, 732
290, 1132
291, 1633
292, 1034
293, 935
294, 1133
295, 736
296, 831
297, 1034
298, 834
299, 1431
300, 739
301, 1236
302, 637
303, 1231
304, 339
305, 1237
306, 832
307, 1339
308, 630
309, 1139
310, 537
311, 1136
312, 932
313, 1234
314, 736
315, 939
316, 1038
317, 1030
318, 1136
319, 834
320, 1433
321, 634
322, 1234
323, 1434
324, 1334
325, 830
326, 1433
327, 534
328, 1232
329, 1630
330, 1134
331, 837
332, 1331
333, 630
334, 1035
335, 736
336, 639
337, 1032
338, 931
339, 1335
340, 632
341, 1235
342, 439
343, 1334
344, 830
345, 1438
346, 530
347, 1235
348, 630
349, 1339
350, 732
351, 1339
352, 730
353, 1036
354, 639
355, 1736
356, 836
357, 1038
358, 1135
359, 638
360, 1139
361, 1337
362, 1335
363, 732
364, 1436
365, 636
366, 1233
367, 537
368, 1833
369, 639
370, 1431
371, 832
372, 1035
373, 731
374, 2032
375, 731
376, 1237
377, 1034
378, 830
379, 1034
380, 730
381, 1938
382, 731
383, 1436
384, 830
385, 1237
386, 538
387, 1535
388, 635
389, 1530
390, 830
391, 1035
392, 731
393, 1838
394, 831
395, 1134
396, 933
397, 1136
398, 933
399, 836
400, 2035
401, 734
402, 1435
403, 736
404, 1232
405, 632
406, 1834
407, 637
408, 1631
409, 832
410, 1035
411, 638
412, 1236
413, 730
414, 1238
415, 931
416, 1132
417, 835
418, 930
419, 738
420, 937
421, 1135
422, 939
423, 736
424, 831
425, 1737
426, 830
427, 1737
428, 637
429, 1238
430, 736
431, 935
432, 1237
433, 935
434, 1030
435, 1133
436, 733
437, 937
438, 1436
439, 1133
440, 1231
441, 932
442, 1239
443, 632
444, 1336
445, 930
446, 1532
447, 637
448, 1338
449, 532
450, 1331
451, 1433
452, 1330
453, 737
454, 1434
455, 738
456, 1331
457, 439
458, 1338
459, 939
460, 1132
461, 1133
462, 735
463, 1138
464, 1439
465, 1333
466, 738
467, 1435
468, 536
469, 1139
470, 537
471, 1233
472, 835
473, 1338
474, 638
475, 1233
476, 635
477, 1331
478, 738
479, 1230
480, 838
481, 838
482, 937
483, 639
484, 1138
485, 836
486, 1334
487, 532
488, 1236
489, 1232
490, 1335
491, 636
492, 1432
493, 632
494, 1139
495, 634
496, 1039
497, 735
498, 1331
499, 935
500, 934
501, 837
502, 1038
503, 830
504, 931
505, 1339
506, 630
507, 1236
508, 632
509, 1439
510, 632
511, 1535
512, 633
513, 1231
514, 636
515, 1731
516, 639
517, 1436
518, 839
519, 939
520, 830
521, 831
522, 837
523, 1037
524, 1238
525, 635
526, 1234
527, 632
528, 1730
529, 639
530, 1531
531, 830
532, 1231
533, 538
534, 1330
535, 639
536, 1432
537, 831
538, 1038
539, 734
540, 2134
541, 937
542, 1033
543, 1135
544, 839
545, 1139
546, 634
547, 1836
548, 733
549, 1538
550, 730
551, 1230
552, 539
553, 1434
554, 636
555, 1339
556, 831
557, 1132
558, 731
559, 1138
560, 1630
561, 1039
562, 939
563, 1037
564, 1030
565, 738
566, 1337
567, 732
568, 1533
569, 733
570, 1133
571, 634
572, 1136
573, 835
574, 1235
575, 830
576, 1331
577, 731
578, 1135
579, 1330
580, 1139
581, 838
582, 1232
583, 834
584, 934
585, 1135
586, 936
587, 1332
588, 738
589, 1331
590, 631
591, 1332
592, 1533
593, 1335
594, 734
595, 1436
596, 538
597, 1236
598, 930
599, 1332
600, 835
601, 1333
602, 732
603, 1037
604, 739
605, 1339
606, 1039
607, 835
608, 1331
609, 536
610, 1330
611, 1233
612, 1138
613, 737
614, 1433
615, 631
616, 1235
617, 1135
618, 1238
619, 638
620, 1336
621, 730
622, 1036
623, 731
624, 1530
625, 933
626, 1033
627, 1236
628, 537
629, 1232
630, 1438
631, 1136
632, 738
633, 1437
634, 534
635, 1238
636, 632
637, 2036
638, 639
639, 1432
640, 734
641, 1134
642, 635
643, 1439
644, 832
645, 1232
646, 1132
647, 831
648, 1136
649, 532
650, 1433
651, 731
652, 1535
653, 738
654, 1335
655, 537
656, 1233
657, 633
658, 1536
659, 833
660, 1235
661, 639
662, 1839
663, 633
664, 1430
665, 938
666, 939
667, 1034
668, 736
669, 1133
670, 737
671, 1536
672, 636
673, 1433
674, 535
675, 1231
676, 637
677, 1634
678, 733
679, 1237
680, 637
681, 1432
682, 538
683, 1434
684, 837
685, 939
686, 835
687, 932
688, 1832
689, 831
690, 1430
691, 831
692, 1039
693, 633
694, 1131
695, 730
696, 1438
697, 832
698, 1138
699, 637
700, 1136
701, 834
702, 1230
703, 838
704, 1236
705, 638
706, 939
707, 1330
708, 931
709, 1138
710, 933
711, 1134
712, 730
713, 1535
714, 837
715, 1234
716, 833
717, 1334
718, 636
719, 1136
720, 439
721, 1234
722, 839
723, 1331
724, 830
725, 1135
726, 1237
727, 1031
728, 1036
729, 1036
730, 936
731, 734
732, 1131
733, 732
734, 1237
735, 833
736, 1434
737, 633
738, 1137
739, 1232
740, 1139
741, 836
742, 1332
743, 631
744, 1132
745, 1530
746, 1032
747, 836
748, 1136
749, 932
750, 834
751, 1030
752, 1232
753, 1231
754, 836
755, 1235
756, 630
757, 1234
758, 936
759, 1135
760, 733
761, 1339
762, 536
763, 1135
764, 638
765, 1430
766, 736
767, 1235
768, 737
769, 838
770, 934
771, 1336
772, 1131
773, 932
774, 1337
775, 630
776, 1233
777, 635
778, 1432
779, 639
780, 1431
781, 537
782, 1137
783, 638
784, 2035
785, 732
786, 1337
787, 930
788, 939
789, 836
790, 1736
791, 1035
792, 839
793, 1331
794, 637
795, 1231
796, 634
797, 1935
798, 637
799, 1430
800, 739
801, 1037
802, 638
803, 836
804, 637
805, 1335
806, 835
807, 1038
808, 737
809, 939
810, 937
811, 930
812, 1139
813, 732
814, 1133
815, 636
816, 1139
817, 732
818, 1438
819, 832
820, 1133
821, 637
822, 1335
823, 732
824, 1335
825, 834
826, 939
827, 734
828, 1131
829, 1433
830, 1037
831, 1035
832, 1033
833, 936
834, 731
835, 1038
836, 734
837, 1434
838, 736
839, 1130
840, 632
841, 1633
842, 634
843, 1434
844, 833
845, 1030
846, 732
847, 1137
848, 432
849, 1137
850, 931
851, 1134
852, 831
853, 836
854, 1836
855, 733
856, 1433
857, 736
858, 1035
859, 632
860, 1232
861, 1332
862, 1238
863, 830
864, 1233
865, 630
866, 1231
867, 334
868, 1235
869, 931
870, 1237
871, 638
872, 1033
873, 1439
874, 938
875, 1130
876, 832
877, 1237
878, 635
879, 1135
880, 1133
881, 1237
882, 834
883, 1338
884, 630
885, 1136
886, 1336
887, 1038
888, 932
889, 1238
890, 537
891, 1034
892, 735
893, 1330
894, 1030
895, 938
896, 1239
897, 634
898, 1133
899, 1233
900, 1236
901, 838
902, 1335
903, 636
904, 1232
905, 732
906, 1336
907, 733
908, 1335
909, 834
910, 1038
911, 733
912, 1338
913, 837
914, 1036
915, 1134
916, 836
917, 1138
918, 1233
919, 1331
920, 835
921, 1339
922, 735
923, 1233
924, 636
925, 1033
926, 735
927, 1336
928, 933
929, 1037
930, 735
931, 1938
932, 730
933, 1235
934, 1035
935, 836
936, 1034
937, 638
938, 1334
939, 732
940, 1435
941, 738
942, 1237
943, 630
944, 1233
945, 637
946, 1434
947, 832
948, 1230
949, 732
950, 931
951, 730
952, 1332
953, 936
954, 1033
955, 937
956, 830
957, 1335
958, 734
959, 1338
960, 832
961, 1133
962, 631
963, 1535
964, 636
965, 1438
966, 737
967, 1034
968, 730
969, 2035
970, 733
971, 1230
972, 932
973, 1232
974, 833
975, 935
976, 1236
977, 832
978, 1337
979, 830
980, 1332
981, 635
982, 2033
983, 732
984, 1638
985, 634
986, 1737
987, 533
988, 2037
989, 438
990, 2431
991, 437
992, 2537
993, 630
994, 2631
995, 532
996, 2233
997, 831
998, 1338
999, 2231
1000, 939
1001, 2534
1002, 1231
1003, 2430
1004, 930
1005, 2734
1006, 731
1007, 3133
1008, 1539
1009, 3237
1010, 533
1011, 3434
1012, 332
1013, 3535
1014, 537
1015, 3536
1016, 138
1017, 3334
1018, 732
1019, 1636
1020, 2033
1021, 1934
1022, 1738
1023, 1038
1024, 2733
1025, 831
1026, 3034
1027, 633
1028, 3035
1029, 534
1030, 3338
1031, 432
1032, 3436
1033, 339
1034, 3435
1035, 238
1036, 3635
1037, 233
1038, 2431
1039, 1830
1040, 1335
1041, 1533
1042, 1136
1043, 2633
1044, 832
1045, 2930
1046, 1130
1047, 2339
1048, 731
1049, 3139
1050, 530
1051, 2837
1052, 333
1053, 2937
1054, 334
1055, 2637
1056, 1039
1057, 1332
1058, 1336
1059, 1638
1060, 1835
1061, 838
1062, 2030
1063, 535
1064, 1731
1065, 538
1066, 1531
1067, 735
1068, 1531
1069, 435
1070, 1237
1071, 633
1072, 1131
1073, 731
1074, 1337
1075, 933
1076, 1030
1077, 836
1078, 437
1079, 1133
1080, 836
1081, 1337
1082, 530
1083, 1235
1084, 437
1085, 1434
1086, 539
1087, 1433
1088, 533
1089, 1139
1090, 632
1091, 1635
1092, 733
1093, 1335
1094, 931
1095, 938
1096, 832
1097, 832
1098, 839
1099, 933
1100, 1332
1101, 637
1102, 1236
1103, 632
1104, 1435
1105, 633
1106, 1434
1107, 738
1108, 1136
1109, 631
1110, 1031
1111, 733
1112, 1432
1113, 832
1114, 1034
1115, 739
1116, 938
1117, 839
1118, 1033
1119, 1232
1120, 634
1121, 1233
1122, 632
1123, 931
1124, 638
1125, 1530
1126, 637
1127, 1137
1128, 631
1129, 1539
1130, 637
1131, 1338
1132, 834
1133, 1134
1134, 734
1135, 1136
1136, 737
1137, 1133
1138, 1133
1139, 830
1140, 1135
1141, 634
1142, 1037
1143, 731
1144, 1435
1145, 737
1146, 1138
1147, 634
1148, 1938
1149, 634
1150, 1431
1151, 834
1152, 1033
1153, 733
1154, 1134
1155, 638
1156, 1035
1157, 1032
1158, 1033
1159, 930
1160, 733
1161, 935
1162, 732
1163, 1434
1164, 735
1165, 1231
1166, 633
1167, 1338
1168, 834
1169, 1235
1170, 834
1171, 1233
1172, 730
1173, 1135
1174, 1536
1175, 1034
1176, 935
1177, 1137
1178, 834
1179, 834
1180, 834
1181, 733
1182, 1433
1183, 736
1184, 1235
1185, 634
1186, 1231
1187, 1531
1188, 1238
1189, 830
1190, 1434
1191, 732
1192, 1135
1193, 1138
1194, 1130
1195, 933
1196, 1231
1197, 732
1198, 933
1199, 930
1200, 936
1201, 1139
1202, 831
1203, 1231
1204, 539
1205, 1232
1206, 1037
1207, 1336
1208, 736
1209, 1432
1210, 735
1211, 1235
1212, 839
1213, 1239
1214, 836
1215, 1236
1216, 636
1217, 1030
1218, 836
1219, 1639
1220, 1036
1221, 833
1222, 1330
1223, 536
1224, 1232
1225, 833
1226, 1139
1227, 738
1228, 1433
1229, 631
1230, 1234
1231, 635
1232, 1633
1233, 731
1234, 1336
1235, 738
1236, 1037
1237, 737
1238, 1530
1239, 1033
1240, 934
1241, 1333
1242, 632
1243, 1236
1244, 1239
1245, 1434
1246, 633
1247, 1436
1248, 439
1249, 1234
1250, 631
1251, 1037
1252, 731
1253, 1338
1254, 738
1255, 1134
1256, 830
1257, 932
1258, 834
1259, 930
1260, 1237
1261, 538
1262, 1233
1263, 633
1264, 2033
1265, 637
1266, 1437
1267, 735
1268, 1236
1269, 637
1270, 2132
1271, 637
1272, 1339
1273, 836
1274, 939
1275, 735
1276, 1630
1277, 735
1278, 939
1279, 1133
1280, 634
1281, 1137
1282, 638
1283, 1230
1284, 638
1285, 1435
1286, 730
1287, 1135
1288, 630
1289, 1433
1290, 731
1291, 1339
1292, 836
1293, 1032
1294, 732
1295, 1635
1296, 934
1297, 1030
1298, 1036
1299, 838
1300, 1036
1301, 636
1302, 1431
1303, 731
1304, 1436
1305, 739
1306, 1239
1307, 637
1308, 1333
1309, 639
1310, 1235
1311, 835
1312, 1235
1313, 733
1314, 1136
1315, 1438
1316, 1035
1317, 939
1318, 1034
1319, 838
1320, 737
1321, 1738
1322, 733
1323, 1530
1324, 739
1325, 1238
1326, 633
1327, 1036
1328, 637
1329, 1331
1330, 831
1331, 1237
1332, 639
1333, 1136
1334, 930
1335, 1137
1336, 931
1337, 1136
1338, 833
1339, 835
1340, 1837
1341, 733
1342, 1433
1343, 738
1344, 1033
1345, 630
1346, 1234
1347, 633
1348, 1331
1349, 831
1350, 1336
1351, 539
1352, 1232
1353, 535
1354, 1232
1355, 931
1356, 1233
1357, 735
1358, 932
1359, 936
1360, 933
1361, 1138
1362, 738
1363, 1432
1364, 632
1365, 1233
1366, 535
1367, 1332
1368, 735
1369, 1436
1370, 539
1371, 1231
1372, 1330
1373, 1137
1374, 837
1375, 1237
1376, 633
1377, 1030
1378, 932
1379, 1032
1380, 1135
1381, 832
1382, 1432
1383, 635
1384, 1231
1385, 1334
1386, 1334
1387, 738
1388, 1438
1389, 630
1390, 1233
1391, 339
1392, 1137
1393, 839
1394, 1332
1395, 737
1396, 1037
1397, 739
1398, 1136
1399, 1038
1400, 835
1401, 1231
1402, 636
1403, 1138
1404, 534
1405, 1335
1406, 736
1407, 1435
1408, 533
1409, 1233
1410, 838
1411, 1333
1412, 830
1413, 1334
1414, 733
1415, 1133
1416, 737
1417, 1731
1418, 1031
1419, 938
1420, 1330
1421, 631
1422, 1235
1423, 1438
1424, 1138
1425, 830
1426, 1436
1427, 538
1428, 1236
1429, 633
1430, 1430
1431, 730
1432, 1337
1433, 839
1434, 1036
1435, 731
1436, 1038
1437, 934
1438, 1035
1439, 1232
1440, 635
1441, 1234
1442, 1438
1443, 1430
1444, 738
1445, 1439
1446, 639
1447, 1236
1448, 631
1449, 1834
1450, 731
1451, 1338
1452, 832
1453, 1037
1454, 637
1455, 1131
1456, 832
1457, 1039
1458, 1136
1459, 631
1460, 1230
1461, 732
1462, 1336
1463, 832
1464, 1436
1465, 536
1466, 1237
1467, 631
1468, 2034
1469, 635
1470, 1337
1471, 831
1472, 1130
1473, 735
1474, 1434
1475, 732
1476, 1138
1477, 1132
1478, 738
1479, 1136
1480, 635
1481, 1436
1482, 730
1483, 1530
1484, 734
1485, 1137
1486, 632
1487, 1033
1488, 639
1489, 1434
1490, 834
1491, 1038
1492, 734
1493, 1630
1494, 837
1495, 1032
1496, 1036
1497, 939
1498, 1131
1499, 639
1500, 1333
1501, 732
1502, 1437
1503, 732
1504, 1134
1505, 631
1506, 1733
1507, 634
1508, 1435
1509, 832
1510, 1039
1511, 730
1512, 1136
1513, 730
1514, 1130
1515, 1030
1516, 931
1517, 1032
1518, 734
1519, 936
1520, 732
1521, 1432
1522, 736
1523, 1237
1524, 633
1525, 1736
1526, 834
1527, 1337
1528, 739
1529, 1031
1530, 731
1531, 1135
1532, 337
1533, 1135
1534, 937
1535, 1135
1536, 837
1537, 830
1538, 1434
1539, 737
1540, 1436
1541, 734
1542, 1231
1543, 632
1544, 1231
1545, 338
1546, 1332
1547, 738
1548, 1332
1549, 631
1550, 1230
1551, 1036
1552, 1136
1553, 935
1554, 1138
1555, 733
1556, 835
1557, 1237
1558, 839
1559, 1335
1560, 738
1561, 1433
1562, 539
1563, 1234
1564, 933
1565, 1238
1566, 831
1567, 1337
1568, 636
1569, 1233
1570, 737
1571, 1033
1572, 838
1573, 1230
1574, 833
1575, 839
1576, 937
1577, 737
1578, 1232
1579, 830
1580, 1239
1581, 535
1582, 1238
1583, 539
1584, 1239
1585, 830
1586, 1431
1587, 730
1588, 1233
1589, 637
1590, 1139
1591, 734
1592, 1235
1593, 839
1594, 933
1595, 933
1596, 839
1597, 1136
1598, 830
1599, 1436
1600, 631
1601, 1239
1602, 1432
1603, 1139
1604, 738
1605, 1430
1606, 537
1607, 1139
1608, 634
1609, 1531
1610, 732
1611, 1237
1612, 938
1613, 938
1614, 936
1615, 638
1616, 1233
1617, 838
1618, 1431
1619, 531
1620, 1239
1621, 436
1622, 1438
1623, 735
1624, 1433
1625, 535
1626, 1233
1627, 632
1628, 1935
1629, 732
1630, 1333
1631, 837
1632, 936
1633, 931
1634, 836
1635, 1033
1636, 836
1637, 1431
1638, 638
1639, 1239
1640, 930
1641, 1939
1642, 631
1643, 1437
1644, 831
1645, 1230
1646, 731
1647, 1036
1648, 731
1649, 1334
1650, 930
1651, 939
1652, 838
1653, 1534
1654, 1034
1655, 737
1656, 1430
1657, 534
1658, 1236
1659, 630
1660, 1438
1661, 637
1662, 1437
1663, 638
1664, 1232
1665, 639
1666, 1230
1667, 639
1668, 1431
1669, 838
1670, 1033
1671, 837
1672, 838
1673, 1135
1674, 737
1675, 1338
1676, 532
1677, 1236
1678, 632
1679, 1130
1680, 636
1681, 1439
1682, 736
1683, 1232
1684, 730
1685, 1435
1686, 632
1687, 1338
1688, 837
1689, 931
1690, 833
1691, 934
1692, 1832
1693, 831
1694, 1338
1695, 639
1696, 1137
1697, 630
1698, 1639
1699, 637
1700, 1439
1701, 737
1702, 1036
1703, 638
1704, 1338
1705, 831
1706, 1136
1707, 833
1708, 1139
1709, 832
1710, 936
1711, 1738
1712, 835
1713, 1333
1714, 736
1715, 1039
1716, 632
1717, 2132
1718, 636
1719, 1439
1720, 731
1721, 1031
1722, 636
1723, 1231
1724, 832
1725, 1136
1726, 832
1727, 1232
1728, 830
1729, 1032
1730, 634
1731, 838
1732, 1238
1733, 833
1734, 1136
1735, 634
1736, 2035
1737, 639
1738, 1534
1739, 737
1740, 1034
1741, 636
1742, 1137
1743, 338
1744, 1236
1745, 833
1746, 1330
1747, 638
1748, 1033
1749, 833
1750, 933
1751, 1233
1752, 835
1753, 937
1754, 631
1755, 1230
1756, 836
1757, 1330
1758, 735
1759, 1334
1760, 631
1761, 1139
1762, 435
1763, 1235
1764, 835
1765, 1331
1766, 633
1767, 1039
1768, 1337
1769, 935
1770, 1137
1771, 930
1772, 937
1773, 634
1774, 1138
1775, 1233
1776, 1335
1777, 738
1778, 1336
1779, 630
1780, 1137
1781, 838
1782, 1136
1783, 833
1784, 1330
1785, 639
1786, 1134
1787, 735
1788, 935
1789, 1135
1790, 935
1791, 1230
1792, 730
1793, 1136
1794, 1433
1795, 1330
1796, 739
1797, 1438
1798, 535
1799, 1236
1800, 632
1801, 1136
1802, 834
1803, 1336
1804, 531
1805, 1135
1806, 733
1807, 1234
1808, 932
1809, 1032
1810, 1035
1811, 631
1812, 1139
1813, 637
1814, 1339
1815, 737
1816, 1533
1817, 535
1818, 1238
1819, 1435
1820, 1234
1821, 834
1822, 1335
1823, 534
1824, 1137
1825, 637
1826, 1031
1827, 835
1828, 1035
1829, 1139
1830, 730
1831, 1134
1832, 533
1833, 1235
1834, 736
1835, 1435
1836, 635
1837, 1330
1838, 633
1839, 1334
1840, 732
1841, 1337
1842, 933
1843, 1135
1844, 639
1845, 1039
1846, 836
1847, 1134
1848, 1135
1849, 733
1850, 1135
1851, 1434
1852, 1130
1853, 738
1854, 1432
1855, 635
1856, 1238
1857, 630
1858, 1532
1859, 639
1860, 1339
1861, 633
1862, 1034
1863, 730
1864, 1537
1865, 734
1866, 1237
1867, 1230
1868, 930
1869, 1236
1870, 538
1871, 1539
1872, 735
1873, 1831
1874, 635
1875, 1537
1876, 534
1877, 1532
1878, 539
1879, 1738
1880, 732
1881, 1336
1882, 639
1883, 2330
1884, 732
1885, 1530
1886, 1130
1887, 835
1888, 1239
1889, 731
1890, 1533
1891, 738
1892, 1336
1893, 832
1894, 1131
1895, 738
1896, 1237
1897, 739
1898, 1530
1899, 734
1900, 1336
1901, 638
1902, 1036
1903, 934
1904, 1031
1905, 937
1906, 1036
1907, 833
1908, 837
1909, 935
1910, 930
1911, 1039
1912, 938
1913, 1035
1914, 835
1915, 1036
1916, 830
1917, 1132
1918, 935
1919, 936
1920, 831
1921, 931
1922, 636
1923, 1034
1924, 938
1925, 1130
1926, 737
1927, 930
1928, 1036
1929, 931
1930, 1134
1931, 1034
1932, 839
1933, 837
1934, 1535
1935, 739
1936, 1134
1937, 939
1938, 937
1939, 834
1940, 932
1941, 1431
1942, 939
1943, 1030
1944, 1039
1945, 736
1946, 935
1947, 631
1948, 838
1949, 1133
1950, 1032
1951, 834
1952, 835
1953, 934
1954, 436
1955, 1136
1956, 936
1957, 2130
1958, 531
1959, 1633
1960, 832
1961, 1633
1962, 730
1963, 1639
1964, 638
1965, 1130
1966, 936
1967, 1136
1968, 934
1969, 1034
1970, 939
1971, 832
1972, 931
1973, 539
1974, 938
1975, 1031
1976, 1039
1977, 638
1978, 934
1979, 935
1980, 837
1981, 838
1982, 1133
1983, 833
1984, 935
1985, 836
1986, 737
1987, 1030
1988, 1035
1989, 1039
1990, 739
1991, 936
1992, 536
1993, 938
1994, 1035
1995, 1039
1996, 835
1997, 937
1998, 832
1999, 1736
2000, 838
2001, 1131
2002, 935
2003, 833
2004, 932
2005, 1533
2006, 838
2007, 1034
2008, 1131
2009, 734
2010, 935
2011, 830
2012, 1039
2013, 837
2014, 1039
2015, 836
2016, 839
2017, 832
2018, 1238
2019, 931
2020, 1132
2021, 1031
2022, 834
2023, 839
2024, 535
2025, 1036
2026, 1031
2027, 1039
2028, 937
2029, 933
2030, 831
2031, 1535
2032, 836
2033, 1131
2034, 933
2035, 832
2036, 839
2037, 1331
2038, 836
2039, 1037
2040, 1034
2041, 733
2042, 836
2043, 837
2044, 1633
2045, 839
2046, 1130
2047, 838
2048, 931
2049, 833
2050, 1333
2051, 834
2052, 1133
2053, 937
2054, 931
2055, 836
2056, 1138
2057, 736
2058, 1135
2059, 1032
2060, 735
2061, 839
2062, 930
2063, 1737
2064, 839
2065, 1037
2066, 932
2067, 832
2068, 837
2069, 1931
2070, 833
2071, 1430
2072, 736
2073, 1336
2074, 632
2075, 2231
2076, 839
2077, 1335
2078, 538
2079, 1534
2080, 437
2081, 1238
2082, 439
2083, 1130
2084, 1338
2085, 831
2086, 1436
2087, 635
2088, 2333
2089, 732
2090, 1835
2091, 634
2092, 1336
2093, 535
2094, 1533
2095, 1138
2096, 1630
2097, 732
2098, 1636
2099, 539
2100, 1337
2101, 539
2102, 1330
2103, 1331
2104, 938
2105, 1434
2106, 731
2107, 2333
2108, 938
2109, 1836
2110, 834
2111, 1836
2112, 535
2113, 1636
2114, 531
2115, 1730
2116, 637
2117, 1930
2118, 731
2119, 1730
2120, 530
2121, 1732
2122, 837
2123, 1335
2124, 738
2125, 732
2126, 1432
2127, 437
2128, 1231
2129, 937
2130, 1137
2131, 735
2132, 934
2133, 1234
2134, 936
2135, 1033
2136, 1135
2137, 637
2138, 1832
2139, 1331
2140, 1539
2141, 1033
2142, 1137
2143, 1137
2144, 835
2145, 836
2146, 938
2147, 931
2148, 939
2149, 1038
2150, 734
2151, 938
2152, 739
2153, 839
2154, 1031
2155, 1137
2156, 537
2157, 1238
2158, 534
2159, 2132
2160, 732
2161, 1236
2162, 836
2163, 938
2164, 1438
2165, 936
2166, 936
2167, 1032
2168, 1135
2169, 739
2170, 936
2171, 1630
2172, 1037
2173, 836
2174, 1132
2175, 930
2176, 933
2177, 831
2178, 834
2179, 536
2180, 1735
2181, 1134
2182, 835
2183, 1432
2184, 1236
2185, 1634
2186, 738
2187, 2035
2188, 530
2189, 1735
2190, 535
2191, 1837
2192, 535
2193, 1732
2194, 736
2195, 1435
2196, 636
2197, 2430
2198, 730
2199, 1336
2200, 1031
2201, 839
2202, 932
2203, 834
2204, 537
2205, 930
2206, 1130
2207, 833
2208, 936
2209, 831
2210, 1831
2211, 835
2212, 1132
2213, 939
2214, 737
2215, 835
2216, 936
2217, 1032
2218, 935
2219, 1033
2220, 1132
2221, 737
2222, 833
2223, 2236
2224, 737
2225, 1637
2226, 637
2227, 1337
2228, 535
2229, 1339
2230, 738
2231, 1633
2232, 634
2233, 1336
2234, 632
2235, 1238
2236, 437
2237, 1331
2238, 837
2239, 1139
2240, 831
2241, 836
2242, 831
2243, 735
2244, 1535
2245, 732
2246, 1135
2247, 539
2248, 1332
2249, 337
2250, 1433
2251, 737
2252, 1338
2253, 638
2254, 1230
2255, 1239
2256, 1135
2257, 838
2258, 1232
2259, 832
2260, 934
2261, 1432
2262, 935
2263, 1134
2264, 832
2265, 936
2266, 634
2267, 1138
2268, 1433
2269, 1237
2270, 831
2271, 1337
2272, 538
2273, 1136
2274, 1339
2275, 1032
2276, 835
2277, 1237
2278, 634
2279, 937
2280, 935
2281, 1031
2282, 1131
2283, 831
2284, 1133
2285, 631
2286, 1136
2287, 730
2288, 1332
2289, 830
2290, 1339
2291, 634
2292, 1230
2293, 837
2294, 1136
2295, 837
2296, 1330
2297, 733
2298, 1034
2299, 831
2300, 935
2301, 1034
2302, 836
2303, 1332
2304, 539
2305, 1235
2306, 1034
2307, 1236
2308, 833
2309, 1432
2310, 637
2311, 1236
2312, 636
2313, 1334
2314, 732
2315, 1333
2316, 837
2317, 936
2318, 736
2319, 1132
2320, 1031
2321, 936
2322, 1237
2323, 731
2324, 1235
2325, 1430
2326, 1337
2327, 736
2328, 1431
2329, 739
2330, 1138
2331, 633
2332, 836
2333, 736
2334, 1334
2335, 932
2336, 1031
2337, 830
2338, 938
2339, 837
2340, 1031
2341, 1232
2342, 639
2343, 1234
2344, 635
2345, 2131
2346, 635
2347, 1430
2348, 636
2349, 1231
2350, 633
2351, 1432
2352, 734
2353, 1339
2354, 836
2355, 1132
2356, 738
2357, 1036
2358, 739
2359, 1130
2360, 1230
2361, 632
2362, 1139
2363, 634
2364, 1830
2365, 639
2366, 1435
2367, 830
2368, 1131
2369, 637
2370, 1230
2371, 731
2372, 1335
2373, 832
2374, 1035
2375, 735
2376, 1633
2377, 930
2378, 936
2379, 1132
2380, 1030
2381, 1133
2382, 636
2383, 1838
2384, 639
2385, 1432
2386, 833
2387, 1133
2388, 635
2389, 1335
2390, 636
2391, 1337
2392, 835
2393, 1134
2394, 733
2395, 1132
2396, 1633
2397, 1033
2398, 1032
2399, 838
2400, 1033
2401, 637
2402, 834
2403, 732
2404, 1434
2405, 830
2406, 1235
2407, 637
2408, 2130
2409, 731
2410, 1430
2411, 831
2412, 1135
2413, 733
2414, 1131
2415, 1430
2416, 1032
2417, 936
2418, 1132
2419, 838
2420, 831
2421, 1930
2422, 732
2423, 1432
2424, 833
2425, 1236
2426, 636
2427, 2130
2428, 531
2429, 1233
2430, 832
2431, 1334
2432, 731
2433, 1138
2434, 731
2435, 1137
2436, 933
2437, 1138
2438, 937
2439, 930
2440, 933
2441, 730
2442, 1236
2443, 830
2444, 1032
2445, 539
2446, 1237
2447, 539
2448, 1437
2449, 735
2450, 1632
2451, 632
2452, 1433
2453, 434
2454, 1438
2455, 831
2456, 1437
2457, 636
2458, 1033
2459, 1131
2460, 635
2461, 1735
2462, 834
2463, 2032
2464, 632
2465, 1931
2466, 1537
2467, 2030
2468, 639
2469, 2232
2470, 531
2471, 2134
2472, 431
2473, 2739
2474, 339
2475, 3332
2476, 435
2477, 2934
2478, 734
2479, 2335
2480, 430
2481, 1839
2482, 1836
2483, 738
2484, 2530
2485, 1033
2486, 2031
2487, 233
2488, 3239
2489, 30
2490, 4038
2491, 30
2492, 4039
2493, 30
2494, 4039
2495, 34
2496, 4039
2497, 30
2498, 3435
2499, 30
2500, 837
2501, 2938
2502, 835
2503, 2535
2504, 934
2505, 2237
2506, 737
2507, 2736
2508, 539
2509, 2031
2510, 534
2511, 2435
2512, 633
2513, 1936
2514, 736
2515, 1332
2516, 831
2517, 1233
2518, 1035
2519, 1232
2520, 1834
2521, 538
2522, 1831
2523, 636
2524, 1833
2525, 639
2526, 2032
2527, 534
2528, 1530
2529, 535
2530, 2136
2531, 930
2532, 1438
2533, 932
2534, 934
2535, 832
2536, 1232
2537, 937
2538, 938
2539, 1031
2540, 1036
2541, 931
2542, 833
2543, 1638
2544, 838
2545, 1139
2546, 833
2547, 836
2548, 837
2549, 1237
2550, 738
2551, 1134
2552, 1032
2553, 936
2554, 835
2555, 933
2556, 1135
2557, 1032
2558, 1034
2559, 1134
2560, 839
2561, 832
2562, 630
2563, 934
2564, 1135
2565, 939
2566, 939
2567, 834
2568, 937
2569, 1030
2570, 1139
2571, 537
2572, 1831
2573, 631
2574, 1739
2575, 1335
2576, 1637
2577, 1136
2578, 1236
2579, 1334
2580, 735
2581, 1636
2582, 737
2583, 2038
2584, 637
2585, 1531
2586, 537
2587, 1631
2588, 532
2589, 1632
2590, 733
2591, 1533
2592, 536
2593, 1238
2594, 838
2595, 1137
2596, 935
2597, 1130
2598, 939
2599, 736
2600, 1633
2601, 930
2602, 1333
2603, 730
2604, 1436
2605, 538
2606, 1235
2607, 638
2608, 1333
2609, 832
2610, 1337
2611, 731
2612, 1139
2613, 736
2614, 1133
2615, 932
2616, 1134
2617, 833
2618, 931
2619, 938
2620, 932
2621, 1138
2622, 836
2623, 1237
2624, 637
2625, 1133
2626, 1036
2627, 1136
2628, 833
2629, 1239
2630, 732
2631, 1133
2632, 1434
2633, 1235
2634, 735
2635, 1234
2636, 732
2637, 933
2638, 930
