1, 739
2, 1133
3, 837
4, 1331
5, 632
6, 1232
7, 537
8, 1136
9, 834
10, 1333
11, 636
12, 1136
13, 636
14, 1439
15, 735
16, 1235
17, 933
18, 939
19, 930
20, 837
21, 1037
22, 837
23, 1330
24, 634
25, 1231
26, 932
27, 1430
28, 735
29, 1338
30, 537
31, 1138
32, 637
33, 1436
34, 734
35, 1333
36, 639
37, 937
38, 833
39, 1339
40, 939
41, 935
42, 1237
43, 535
44, 1136
45, 632
46, 1035
47, 731
48, 1338
49, 638
50, 1133
51, 636
52, 1239
53, 737
54, 1333
55, 830
56, 939
57, 831
58, 1935
59, 739
60, 931
61, 1234
62, 636
63, 1232
64, 635
65, 1831
66, 635
67, 1434
68, 632
69, 1137
70, 637
71, 1231
72, 639
73, 1337
74, 836
75, 1030
76, 733
77, 1036
78, 1439
79, 934
80, 1136
81, 738
82, 1134
83, 636
84, 1038
85, 732
86, 1531
87, 735
88, 1330
89, 634
90, 1536
91, 830
92, 1331
93, 833
94, 1233
95, 732
96, 1135
97, 432
98, 1039
99, 1038
100, 937
101, 1033
102, 638
103, 1839
104, 837
105, 1436
106, 731
107, 1233
108, 631
109, 1237
110, 835
111, 1238
112, 739
113, 1234
114, 631
115, 1136
116, 939
117, 1132
118, 939
119, 1038
120, 837
121, 736
122, 1438
123, 931
124, 1431
125, 733
126, 1532
127, 630
128, 1239
129, 632
130, 1334
131, 734
132, 1430
133, 636
134, 1236
135, 1338
136, 1038
137, 839
138, 1231
139, 933
140, 837
141, 1035
142, 1332
143, 1239
144, 732
145, 1430
146, 534
147, 1339
148, 1435
149, 1239
150, 733
151, 1438
152, 637
153, 1330
154, 536
155, 1432
156, 733
157, 1332
158, 1039
159, 933
160, 935
161, 1530
162, 1236
163, 834
164, 1532
165, 535
166, 1431
167, 1430
168, 1437
169, 638
170, 1532
171, 437
172, 1239
173, 631
174, 1837
175, 636
176, 1433
177, 931
178, 1032
179, 936
180, 1338
181, 1233
182, 932
183, 1535
184, 439
185, 1435
186, 536
187, 1138
188, 634
189, 1638
190, 539
191, 1236
192, 632
193, 1233
194, 536
195, 1538
196, 832
197, 1135
198, 836
199, 1637
200, 1039
201, 1034
202, 1535
203, 637
204, 1438
205, 630
206, 1735
207, 638
208, 1738
209, 635
210, 1337
211, 537
212, 2135
213, 539
214, 1636
215, 739
216, 1231
217, 831
218, 1134
219, 1136
220, 1031
221, 1435
222, 734
223, 1438
224, 631
225, 1639
226, 733
227, 1831
228, 631
229, 1438
230, 636
231, 1638
232, 734
233, 1536
234, 1235
235, 1530
236, 1231
237, 1635
238, 1035
239, 1634
240, 1234
241, 1537
242, 1430
243, 1536
244, 1933
245, 1534
246, 1537
247, 1339
248, 1237
249, 1436
250, 1535
251, 1438
252, 1731
253, 1535
254, 1635
255, 1337
256, 1135
257, 530
258, 1036
259, 738
260, 1630
261, 1537
262, 1631
263, 1231
264, 1536
265, 1537
266, 1532
267, 1436
268, 1137
269, 1034
270, 1533
271, 1537
272, 1430
273, 1530
274, 1335
275, 1435
276, 834
277, 836
278, 538
279, 1033
280, 34
281, 737
282, 1738
283, 735
284, 1636
285, 638
286, 1335
287, 535
288, 1430
289, 739
290, 1436
291, 731
292, 1531
293, 535
294, 1333
295, 433
296, 1238
297, 933
298, 1235
299, 930
300, 833
301, 2137
302, 934
303, 1435
304, 733
305, 1636
306, 536
307, 1434
308, 538
309, 1538
310, 637
311, 1631
312, 534
313, 1430
314, 1032
315, 1234
316, 832
317, 1334
318, 831
319, 936
320, 1031
321, 1532
322, 1339
323, 734
324, 1433
325, 537
326, 1435
327, 931
328, 1532
329, 634
330, 1631
331, 530
332, 1338
333, 1433
334, 1330
335, 635
336, 1439
337, 831
338, 1134
339, 839
340, 1636
341, 1236
342, 739
343, 1438
344, 536
345, 1533
346, 736
347, 1437
348, 637
349, 1636
350, 539
351, 1438
352, 435
353, 1937
354, 632
355, 1537
356, 636
357, 1134
358, 832
359, 1130
360, 1131
361, 1032
362, 1539
363, 535
364, 1530
365, 638
366, 1630
367, 539
368, 1738
369, 438
370, 1439
371, 533
372, 1631
373, 632
374, 1632
375, 739
376, 1239
377, 830
378, 1537
379, 933
380, 1536
381, 935
382, 1036
383, 937
384, 835
385, 932
386, 1335
387, 1230
388, 1436
389, 1431
390, 1332
391, 1237
392, 1330
393, 1537
394, 1239
395, 1633
396, 1231
397, 1736
398, 1436
399, 1830
400, 1435
401, 1634
402, 1433
403, 1531
404, 1534
405, 1531
406, 1630
407, 1536
408, 1439
409, 1430
410, 1531
411, 632
412, 936
413, 632
414, 834
415, 531
416, 1034
417, 1233
418, 1633
419, 1433
420, 1633
421, 1532
422, 1534
423, 1235
424, 1338
425, 1434
426, 1431
427, 1430
428, 1432
429, 1438
430, 1535
431, 1537
432, 1433
433, 839
434, 539
435, 938
436, 1435
437, 1235
438, 1030
439, 1033
440, 1132
441, 735
442, 1936
443, 930
444, 1434
445, 732
446, 1334
447, 535
448, 1339
449, 1039
450, 1338
451, 731
452, 1531
453, 537
454, 1331
455, 1030
456, 1134
457, 932
458, 1232
459, 1031
460, 835
461, 1136
462, 930
463, 1430
464, 733
465, 1530
466, 535
467, 1430
468, 837
469, 1435
470, 635
471, 1536
472, 634
473, 1336
474, 735
475, 1534
476, 832
477, 1334
478, 835
479, 934
480, 1031
481, 635
482, 1431
483, 738
484, 1630
485, 531
486, 1535
487, 935
488, 1536
489, 635
490, 1539
491, 531
492, 1335
493, 630
494, 1132
495, 638
496, 1436
497, 834
498, 939
499, 936
500, 1731
501, 1135
502, 932
503, 1539
504, 534
505, 1530
506, 433
507, 1639
508, 536
509, 1634
510, 736
511, 1338
512, 630
513, 1037
514, 634
515, 1536
516, 834
517, 1131
518, 838
519, 1430
520, 1039
521, 833
522, 1538
523, 530
524, 1436
525, 537
526, 1931
527, 638
528, 1733
529, 637
530, 1236
531, 634
532, 1737
533, 539
534, 1538
535, 738
536, 1134
537, 831
538, 1034
539, 836
540, 936
541, 1433
542, 638
543, 1335
544, 631
545, 1235
546, 639
547, 1830
548, 635
549, 1337
550, 537
551, 1234
552, 830
553, 1337
554, 830
555, 1138
556, 734
557, 1136
558, 530
559, 939
560, 1239
561, 832
562, 1235
563, 633
564, 2237
565, 731
566, 1735
567, 635
568, 1237
569, 535
570, 1339
571, 1331
572, 1338
573, 737
574, 1531
575, 539
576, 1235
577, 639
578, 1130
579, 1134
580, 931
581, 1135
582, 633
583, 1337
584, 839
585, 1532
586, 637
587, 1532
588, 533
589, 1339
590, 733
591, 1438
592, 735
593, 1535
594, 632
595, 1335
596, 731
597, 1336
598, 838
599, 1038
600, 1339
601, 637
602, 1239
603, 1236
604, 1437
605, 639
606, 1437
607, 535
608, 1534
609, 634
610, 1436
611, 735
612, 1630
613, 537
614, 1338
615, 537
616, 1133
617, 1238
618, 1235
619, 1332
620, 1536
621, 1432
622, 1936
623, 1436
624, 1530
625, 1437
626, 1438
627, 1632
628, 1735
629, 1639
630, 1633
631, 1635
632, 1531
633, 1634
634, 1534
635, 1234
636, 1435
637, 1630
638, 638
639, 934
640, 736
641, 1137
642, 1534
643, 1634
644, 1535
645, 1236
646, 1530
647, 1436
648, 934
649, 736
650, 1234
651, 839
652, 1139
653, 932
654, 1137
655, 631
656, 634
657, 830
658, 1438
659, 1132
660, 937
661, 1634
662, 738
663, 1633
664, 731
665, 1239
666, 536
667, 1336
668, 636
669, 1537
670, 639
671, 1132
672, 635
673, 1935
674, 830
675, 1235
676, 839
677, 1234
678, 931
679, 838
680, 1432
681, 737
682, 1538
683, 639
684, 1334
685, 536
686, 1131
687, 637
688, 1632
689, 730
690, 1236
691, 635
692, 1333
693, 634
694, 1337
695, 833
696, 1232
697, 836
698, 1030
699, 939
700, 837
701, 1532
702, 732
703, 1135
704, 538
705, 1430
706, 831
707, 1532
708, 639
709, 1331
710, 631
711, 1332
712, 1431
713, 1332
714, 830
715, 1433
716, 635
717, 1038
718, 1035
719, 931
720, 1430
721, 737
722, 1233
723, 539
724, 1336
725, 1230
726, 1537
727, 636
728, 1530
729, 536
730, 1433
731, 531
732, 1436
733, 738
734, 1530
735, 533
736, 1138
737, 1339
738, 1132
739, 1037
740, 836
741, 1436
742, 539
743, 1338
744, 1431
745, 1439
746, 732
747, 1638
748, 532
749, 1436
750, 1432
751, 1334
752, 736
753, 1533
754, 731
755, 1331
756, 730
757, 1732
758, 1031
759, 1033
760, 1434
761, 631
762, 1332
763, 1038
764, 1530
765, 637
766, 1636
767, 530
768, 1438
769, 835
770, 1534
771, 632
772, 1539
773, 535
774, 1333
775, 633
776, 1932
777, 838
778, 1230
779, 1238
780, 1234
781, 834
782, 1539
783, 1337
784, 1538
785, 1532
786, 1430
787, 1436
788, 1431
789, 1637
790, 1535
791, 1636
792, 1632
793, 1638
794, 1339
795, 938
796, 1430
797, 1735
798, 1533
799, 1635
800, 1531
801, 1432
802, 734
803, 933
804, 935
805, 1438
806, 1633
807, 1539
808, 1730
809, 1536
810, 1539
811, 1433
812, 1538
813, 1239
814, 1236
815, 1333
816, 1631
817, 1332
818, 336
819, 434
820, 836
821, 836
822, 739
823, 938
824, 1030
825, 1337
826, 534
827, 1539
828, 633
829, 1539
830, 736
831, 1334
832, 636
833, 2330
834, 739
835, 1232
836, 939
837, 1035
838, 1035
839, 736
840, 1236
841, 736
842, 1635
843, 633
844, 1335
845, 536
846, 2235
847, 637
848, 1634
849, 639
850, 1333
851, 636
852, 1334
853, 637
854, 1239
855, 932
856, 1137
857, 1031
858, 834
859, 1032
860, 737
861, 1637
862, 638
863, 1533
864, 537
865, 1832
866, 836
867, 1530
868, 637
869, 1438
870, 634
871, 1336
872, 1233
873, 1339
874, 835
875, 1336
876, 739
877, 932
878, 934
879, 834
880, 1633
881, 733
882, 1238
883, 538
884, 1435
885, 1138
886, 1533
887, 635
888, 1539
889, 531
890, 1338
891, 833
892, 1239
893, 830
894, 1430
895, 638
896, 1037
897, 933
898, 1039
899, 1333
900, 735
901, 1436
902, 539
903, 1434
904, 1530
905, 1536
906, 634
907, 1632
908, 439
909, 1432
910, 732
911, 1436
912, 735
913, 1532
914, 738
915, 1231
916, 735
917, 838
918, 1232
919, 738
920, 1331
921, 538
922, 1433
923, 533
924, 1537
925, 636
926, 1638
927, 538
928, 1437
929, 437
930, 1336
931, 736
932, 1536
933, 439
934, 1437
935, 537
936, 2130
937, 1330
938, 1537
939, 1436
940, 1534
941, 1432
942, 1936
943, 1335
944, 1630
945, 1533
946, 1539
947, 1634
948, 1538
949, 833
950, 1339
951, 1638
952, 1533
953, 1632
954, 1534
955, 1139
956, 830
957, 1133
958, 938
959, 1634
960, 1536
961, 1339
962, 1537
963, 1635
964, 1533
965, 1433
966, 1033
967, 930
968, 1136
969, 37
970, 1334
971, 31
972, 31
973, 37
974, 1537
975, 739
976, 1139
977, 1232
978, 635
979, 1332
980, 631
981, 1232
982, 639
983, 1635
984, 632
985, 1431
986, 533
987, 1439
988, 632
989, 1530
990, 737
991, 1132
992, 732
993, 1633
994, 732
995, 1235
996, 1138
997, 639
998, 1238
999, 631
1000, 1237
1001, 732
1002, 1730
1003, 635
1004, 1334
1005, 535
1006, 1835
1007, 631
1008, 1539
1009, 736
1010, 1330
1011, 638
1012, 2137
1013, 833
1014, 1231
1015, 1036
1016, 936
1017, 1230
1018, 635
1019, 1031
1020, 734
1021, 1639
1022, 631
1023, 1333
1024, 534
1025, 2337
1026, 636
1027, 1637
1028, 734
1029, 1334
1030, 637
1031, 1434
1032, 831
1033, 1232
1034, 935
1035, 1030
1036, 1130
1037, 734
1038, 1731
1039, 736
1040, 1731
1041, 637
1042, 1333
1043, 536
1044, 1735
1045, 734
1046, 1632
1047, 732
1048, 1235
1049, 635
1050, 1333
1051, 1131
1052, 1238
1053, 933
1054, 1239
1055, 834
1056, 835
1057, 1536
1058, 738
1059, 1639
1060, 638
1061, 1338
1062, 535
1063, 1236
1064, 435
1065, 1630
1066, 730
1067, 1532
1068, 636
1069, 1431
1070, 1536
1071, 1330
1072, 930
1073, 1336
1074, 635
1075, 1230
1076, 735
1077, 1132
1078, 1137
1079, 1335
1080, 1138
1081, 1336
1082, 1330
1083, 1235
1084, 1437
1085, 1631
1086, 1631
1087, 1433
1088, 1638
1089, 1434
1090, 1439
1091, 1439
1092, 1532
1093, 1530
1094, 1731
1095, 1532
1096, 2031
1097, 931
1098, 934
1099, 937
1100, 935
1101, 1033
1102, 1339
1103, 1536
1104, 1536
1105, 1536
1106, 1435
1107, 1538
1108, 1432
1109, 1631
1110, 1337
1111, 1136
1112, 31
1113, 31
1114, 30
1115, 31
1116, 30
1117, 32
1118, 1032
1119, 1233
1120, 1333
1121, 1731
1122, 1533
1123, 638
1124, 1538
1125, 635
1126, 1335
1127, 630
1128, 1234
1129, 636
1130, 1435
1131, 837
1132, 1032
1133, 835
1134, 732
1135, 1233
1136, 931
1137, 1531
1138, 530
1139, 1339
1140, 537
1141, 1237
1142, 635
1143, 1636
1144, 631
1145, 1236
1146, 635
1147, 1131
1148, 537
1149, 1532
1150, 832
1151, 1136
1152, 834
1153, 1031
1154, 1135
1155, 839
1156, 1437
1157, 639
1158, 1339
1159, 630
1160, 1131
1161, 730
1162, 1639
1163, 637
1164, 1335
1165, 630
1166, 1639
1167, 739
1168, 1439
1169, 831
1170, 1038
1171, 738
1172, 1130
1173, 1539
1174, 938
1175, 1336
1176, 733
1177, 1234
1178, 631
1179, 2332
1180, 639
1181, 1734
1182, 634
1183, 1332
1184, 538
1185, 1937
1186, 831
1187, 1338
1188, 738
1189, 1532
1190, 735
1191, 1138
1192, 936
1193, 939
1194, 1230
1195, 830
1196, 1335
1197, 633
1198, 1737
1199, 731
1200, 1739
1201, 634
1202, 1435
1203, 535
1204, 1432
1205, 732
1206, 1435
1207, 734
1208, 1531
1209, 538
1210, 1236
1211, 1334
1212, 1132
1213, 1233
1214, 932
1215, 830
1216, 836
1217, 1138
1218, 1232
1219, 1334
1220, 1336
1221, 1435
1222, 1338
1223, 1437
1224, 1138
1225, 1533
1226, 1533
1227, 1732
1228, 1434
1229, 1731
1230, 1735
1231, 1731
1232, 1533
1233, 1734
1234, 1632
1235, 1634
1236, 1530
1237, 839
1238, 931
1239, 1032
1240, 1633
1241, 1634
1242, 1539
1243, 1431
1244, 32
1245, 1534
1246, 337
1247, 34
1248, 35
1249, 331
1250, 1339
1251, 836
1252, 1234
1253, 1237
1254, 1430
1255, 130
1256, 2038
1257, 1237
1258, 738
1259, 1636
1260, 537
1261, 1434
1262, 534
1263, 1334
1264, 634
1265, 1439
1266, 830
1267, 1232
1268, 731
1269, 1038
1270, 736
1271, 1235
1272, 1139
1273, 636
1274, 1236
1275, 534
1276, 1630
1277, 731
1278, 1731
1279, 633
1280, 1436
1281, 534
1282, 2034
1283, 539
1284, 1536
1285, 735
1286, 1134
1287, 638
1288, 1839
1289, 639
1290, 1430
1291, 1133
1292, 733
1293, 1236
1294, 634
1295, 1633
1296, 733
1297, 1733
1298, 632
1299, 1335
1300, 534
1301, 1236
1302, 633
1303, 1634
1304, 734
1305, 1234
1306, 638
1307, 1334
1308, 935
1309, 1235
1310, 1032
1311, 1032
1312, 1039
1313, 636
1314, 1534
1315, 736
1316, 1738
1317, 634
1318, 1439
1319, 535
1320, 1439
1321, 834
1322, 1436
1323, 736
1324, 1539
1325, 634
1326, 1634
1327, 830
1328, 1630
1329, 1338
1330, 1632
1331, 1330
1332, 1534
1333, 1930
1334, 1338
1335, 1439
1336, 1533
1337, 1532
1338, 1634
1339, 1730
1340, 1831
1341, 1636
1342, 1536
1343, 1630
1344, 1532
1345, 1636
1346, 1234
1347, 1638
1348, 1438
1349, 1139
1350, 833
1351, 1130
1352, 1336
1353, 1636
1354, 1533
1355, 1539
1356, 1331
1357, 1532
1358, 33
1359, 1434
1360, 1530
1361, 1435
1362, 1531
1363, 937
1364, 1634
1365, 1438
1366, 1036
1367, 832
1368, 1237
1369, 836
1370, 839
1371, 1132
1372, 731
1373, 1339
1374, 735
1375, 1536
1376, 536
1377, 1335
1378, 1435
1379, 1333
1380, 733
1381, 1437
1382, 637
1383, 1332
1384, 631
1385, 1338
1386, 837
1387, 1232
1388, 834
1389, 930
1390, 1033
1391, 1034
1392, 1334
1393, 735
1394, 1430
1395, 532
1396, 1430
1397, 439
1398, 1336
1399, 737
1400, 1530
1401, 534
1402, 1239
1403, 637
1404, 1337
1405, 732
1406, 1237
1407, 936
1408, 930
1409, 938
1410, 437
1411, 1332
1412, 830
1413, 1532
1414, 533
1415, 1433
1416, 1332
1417, 1339
1418, 735
1419, 1433
1420, 532
1421, 1238
1422, 632
1423, 1238
1424, 730
1425, 1332
1426, 932
1427, 836
1428, 1030
1429, 1131
1430, 1230
1431, 833
1432, 1531
1433, 537
1434, 1430
1435, 536
1436, 1437
1437, 632
1438, 1533
1439, 636
1440, 1134
1441, 730
