1, 1434
2, 831
3, 1139
4, 939
5, 733
6, 1135
7, 433
8, 1431
9, 734
10, 1631
11, 533
12, 1434
13, 633
14, 1236
15, 730
16, 1532
17, 439
18, 1331
19, 633
20, 1235
21, 738
22, 1331
23, 939
24, 733
25, 1137
26, 933
27, 1332
28, 832
29, 1634
30, 438
31, 1434
32, 535
33, 1430
34, 538
35, 1535
36, 735
37, 1138
38, 732
39, 2236
40, 737
41, 1239
42, 1035
43, 734
44, 1034
45, 933
46, 1239
47, 638
48, 1433
49, 631
50, 1237
51, 539
52, 1437
53, 732
54, 1431
55, 835
56, 1036
57, 730
58, 2035
59, 638
60, 1332
61, 938
62, 838
63, 1033
64, 734
65, 1137
66, 732
67, 1433
68, 738
69, 1133
70, 634
71, 938
72, 732
73, 1434
74, 835
75, 1133
76, 730
77, 1131
78, 1130
79, 1131
80, 937
81, 937
82, 834
83, 739
84, 1539
85, 732
86, 1630
87, 834
88, 1235
89, 636
90, 1836
91, 833
92, 1231
93, 834
94, 1231
95, 732
96, 1135
97, 1037
98, 1136
99, 937
100, 1135
101, 735
102, 832
103, 1637
104, 731
105, 1435
106, 737
107, 1235
108, 635
109, 1230
110, 1333
111, 1235
112, 830
113, 1332
114, 539
115, 1231
116, 539
117, 1135
118, 932
119, 1230
120, 835
121, 838
122, 738
123, 931
124, 1235
125, 738
126, 1530
127, 538
128, 1237
129, 934
130, 1238
131, 733
132, 1437
133, 634
134, 1238
135, 633
136, 1435
137, 733
138, 1331
139, 930
140, 936
141, 937
142, 1632
143, 1238
144, 831
145, 1535
146, 533
147, 1437
148, 1536
149, 1631
150, 731
151, 1630
152, 533
153, 1432
154, 538
155, 1238
156, 637
157, 1530
158, 930
159, 939
160, 1030
161, 531
162, 1333
163, 930
164, 1731
165, 531
166, 1631
167, 533
168, 1735
169, 533
170, 1731
171, 731
172, 1431
173, 630
174, 2038
175, 633
176, 1635
177, 837
178, 1338
179, 831
180, 1531
181, 838
182, 1634
183, 1631
184, 1534
185, 1539
186, 1632
187, 1737
188, 931
189, 1131
190, 1632
191, 1632
192, 1631
193, 1834
194, 1433
195, 1537
196, 1438
197, 1539
198, 739
199, 834
200, 932
201, 730
202, 732
203, 636
204, 637
205, 535
206, 934
207, 538
208, 930
209, 736
210, 1039
211, 1039
212, 1337
213, 535
214, 1434
215, 833
216, 1131
217, 835
218, 937
219, 1239
220, 836
221, 1536
222, 637
223, 1334
224, 537
225, 2131
226, 637
227, 1732
228, 633
229, 1433
230, 633
231, 1639
232, 635
233, 1434
234, 830
235, 1431
236, 833
237, 1036
238, 930
239, 931
240, 1530
241, 732
242, 1435
243, 632
244, 1739
245, 836
246, 1534
247, 633
248, 1431
249, 537
250, 1338
251, 1135
252, 1331
253, 737
254, 1435
255, 639
256, 1133
257, 1639
258, 935
259, 1430
260, 735
261, 1434
262, 631
263, 1437
264, 938
265, 1534
266, 631
267, 1630
268, 535
269, 1338
270, 1133
271, 1337
272, 736
273, 1439
274, 732
275, 1139
276, 1037
277, 1135
278, 1239
279, 739
280, 1433
281, 631
282, 1434
283, 1337
284, 1631
285, 637
286, 1533
287, 532
288, 1435
289, 530
290, 1336
291, 735
292, 1532
293, 538
294, 1138
295, 933
296, 1138
297, 1131
298, 836
299, 1439
300, 539
301, 1338
302, 339
303, 1630
304, 637
305, 1638
306, 534
307, 1438
308, 1134
309, 1333
310, 735
311, 1630
312, 634
313, 1332
314, 734
315, 1239
316, 1039
317, 1030
318, 1139
319, 832
320, 830
321, 637
322, 1635
323, 1637
324, 1535
325, 1539
326, 1537
327, 1539
328, 838
329, 733
330, 1531
331, 1631
332, 1731
333, 1437
334, 1635
335, 1234
336, 1531
337, 1433
338, 1435
339, 734
340, 738
341, 636
342, 731
343, 731
344, 536
345, 733
346, 638
347, 1936
348, 731
349, 1630
350, 831
351, 1136
352, 639
353, 1537
354, 833
355, 1039
356, 1330
357, 532
358, 1337
359, 538
360, 1733
361, 636
362, 1638
363, 538
364, 1430
365, 534
366, 1738
367, 633
368, 1536
369, 736
370, 1237
371, 734
372, 834
373, 938
374, 1034
375, 1239
376, 738
377, 1337
378, 631
379, 1434
380, 731
381, 1735
382, 634
383, 1335
384, 537
385, 1432
386, 632
387, 1537
388, 738
389, 1330
390, 730
391, 1233
392, 1030
393, 1039
394, 1231
395, 838
396, 1235
397, 634
398, 1233
399, 733
400, 1834
401, 633
402, 1436
403, 535
404, 1433
405, 834
406, 1339
407, 735
408, 1338
409, 537
410, 1233
411, 1630
412, 1133
413, 1137
414, 934
415, 1132
416, 634
417, 1038
418, 933
419, 1633
420, 635
421, 1432
422, 536
423, 1336
424, 438
425, 1335
426, 832
427, 1436
428, 638
429, 1234
430, 737
431, 1038
432, 1131
433, 937
434, 1134
435, 635
436, 1239
437, 1638
438, 1432
439, 731
440, 1334
441, 536
442, 1334
443, 831
444, 1431
445, 830
446, 1437
447, 631
448, 1239
449, 537
450, 1039
451, 537
452, 1438
453, 1238
454, 1432
455, 1237
456, 834
457, 931
458, 1030
459, 1433
460, 1434
461, 1436
462, 838
463, 836
464, 831
465, 932
466, 631
467, 833
468, 639
469, 835
470, 638
471, 1533
472, 1438
473, 1538
474, 931
475, 737
476, 739
477, 831
478, 733
479, 635
480, 830
481, 1132
482, 1634
483, 737
484, 1436
485, 533
486, 1233
487, 634
488, 1439
489, 834
490, 1137
491, 1034
492, 737
493, 1230
494, 733
495, 1334
496, 736
497, 1534
498, 439
499, 1336
500, 831
501, 2133
502, 631
503, 1435
504, 830
505, 1232
506, 639
507, 1631
508, 738
509, 1236
510, 1038
511, 931
512, 932
513, 1636
514, 1030
515, 732
516, 1631
517, 435
518, 1430
519, 533
520, 1636
521, 537
522, 1531
523, 737
524, 1139
525, 637
526, 1433
527, 337
528, 831
529, 1135
530, 1631
531, 1534
532, 1139
533, 830
534, 838
535, 932
536, 931
537, 1531
538, 1535
539, 1739
540, 1630
541, 1533
542, 1033
543, 834
544, 630
545, 939
546, 536
547, 833
548, 537
549, 735
550, 637
551, 735
552, 739
553, 1436
554, 1734
555, 639
556, 1238
557, 539
558, 1938
559, 633
560, 1535
561, 736
562, 1232
563, 637
564, 1636
565, 736
566, 1134
567, 935
568, 1131
569, 1030
570, 735
571, 838
572, 733
573, 1535
574, 733
575, 1235
576, 536
577, 2131
578, 634
579, 1533
580, 733
581, 1037
582, 639
583, 1230
584, 1436
585, 1132
586, 937
587, 1136
588, 838
589, 739
590, 1831
591, 731
592, 1439
593, 736
594, 1233
595, 631
596, 1234
597, 833
598, 1237
599, 734
600, 1238
601, 539
602, 1239
603, 1234
604, 1235
605, 837
606, 1239
607, 738
608, 837
609, 1030
610, 934
611, 1535
612, 733
613, 1730
614, 536
615, 1537
616, 1434
617, 1537
618, 739
619, 1633
620, 535
621, 1335
622, 537
623, 1231
624, 731
625, 1138
626, 434
627, 1633
628, 1633
629, 1937
630, 1535
631, 1531
632, 1135
633, 1130
634, 932
635, 1635
636, 1630
637, 1538
638, 1533
639, 1531
640, 1435
641, 1438
642, 1230
643, 631
644, 934
645, 539
646, 838
647, 1131
648, 438
649, 1337
650, 738
651, 1438
652, 538
653, 1333
654, 1430
655, 1137
656, 735
657, 1433
658, 535
659, 1233
660, 631
661, 1935
662, 730
663, 1334
664, 837
665, 939
666, 837
667, 834
668, 1234
669, 830
670, 1434
671, 632
672, 1337
673, 1234
674, 1239
675, 734
676, 1437
677, 634
678, 1330
679, 632
680, 1234
681, 638
682, 1338
683, 931
684, 934
685, 839
686, 533
687, 1034
688, 838
689, 1431
690, 630
691, 1330
692, 1134
693, 1438
694, 632
695, 1434
696, 737
697, 1139
698, 635
699, 1039
700, 731
701, 1338
702, 837
703, 1031
704, 835
705, 838
706, 938
707, 931
708, 1336
709, 537
710, 1234
711, 630
712, 1938
713, 634
714, 1435
715, 635
716, 1231
717, 636
718, 1036
719, 735
720, 1337
721, 839
722, 1030
723, 834
724, 1734
725, 1134
726, 739
727, 1335
728, 536
729, 1235
730, 630
731, 1532
732, 636
733, 1438
734, 736
735, 1133
736, 638
737, 1934
738, 634
739, 1433
740, 835
741, 1036
742, 831
743, 1639
744, 1036
745, 835
746, 1335
747, 832
748, 1234
749, 633
750, 1937
751, 637
752, 1437
753, 736
754, 1233
755, 638
756, 2039
757, 634
758, 1334
759, 834
760, 1034
761, 833
762, 1032
763, 1139
764, 837
765, 1236
766, 832
767, 1035
768, 633
769, 1134
770, 638
771, 1532
772, 732
773, 1133
774, 634
775, 1138
776, 1036
777, 1230
778, 835
779, 1235
780, 635
781, 1031
782, 837
783, 932
784, 1232
785, 834
786, 1238
787, 638
788, 1035
789, 837
790, 1432
791, 733
792, 1237
793, 634
794, 1136
795, 436
796, 1233
797, 833
798, 1335
799, 635
800, 1034
801, 1434
802, 838
803, 1231
804, 931
805, 1039
806, 637
807, 1137
808, 835
809, 1238
810, 736
811, 1332
812, 634
813, 1137
814, 736
815, 1238
816, 836
817, 1331
818, 532
819, 1038
820, 639
821, 834
822, 937
823, 933
824, 1332
825, 632
826, 1138
827, 1531
828, 1334
829, 735
830, 1436
831, 539
832, 1330
833, 1231
834, 1136
835, 637
836, 1435
837, 438
838, 1136
839, 731
840, 1438
841, 934
842, 939
843, 1334
844, 539
845, 1333
846, 1333
847, 432
848, 132
849, 437
850, 138
851, 931
852, 438
853, 133
854, 337
855, 1336
856, 735
857, 1136
858, 638
859, 1138
860, 932
861, 536
862, 433
863, 437
864, 436
865, 837
866, 1236
867, 737
868, 1234
869, 635
870, 1036
871, 636
872, 1432
873, 835
874, 1131
875, 730
876, 1830
877, 634
878, 1236
879, 938
880, 830
881, 1033
882, 1130
883, 1333
884, 736
885, 1632
886, 536
887, 1635
888, 935
889, 1734
890, 630
891, 1739
892, 537
893, 1539
894, 932
895, 1633
896, 736
897, 1534
898, 835
899, 1231
900, 1139
901, 1033
902, 1837
903, 536
904, 1539
905, 636
906, 1730
907, 936
908, 1934
909, 834
910, 1834
911, 636
912, 1736
913, 735
914, 1433
915, 538
916, 1233
917, 933
918, 1131
919, 834
920, 1236
921, 1130
922, 936
923, 1037
924, 931
925, 1134
926, 1032
927, 834
928, 737
929, 1338
930, 834
931, 1139
932, 739
933, 1236
934, 434
935, 2832
936, 430
937, 2139
938, 1234
939, 1134
940, 1436
941, 1030
942, 1832
943, 737
944, 1630
945, 631
946, 1831
947, 837
948, 1733
949, 731
950, 1137
951, 639
952, 1137
953, 539
954, 1432
955, 838
956, 1035
957, 834
958, 1435
959, 1033
960, 933
961, 1530
962, 535
963, 1431
964, 637
965, 1530
966, 639
967, 1630
968, 534
969, 1337
970, 839
971, 1332
972, 739
973, 1436
974, 732
975, 1232
976, 1231
977, 1037
978, 1230
979, 832
980, 1330
981, 632
982, 1838
983, 730
984, 1732
985, 531
986, 1437
987, 534
988, 1433
989, 539
990, 1535
991, 533
992, 1331
993, 936
994, 1133
995, 935
996, 1230
997, 1032
998, 833
999, 1537
1000, 736
1001, 1537
1002, 730
1003, 1335
1004, 536
1005, 1236
1006, 635
1007, 1630
1008, 731
1009, 1236
1010, 631
1011, 1534
1012, 636
1013, 1436
1014, 831
1015, 1036
1016, 832
1017, 1436
1018, 1136
1019, 830
1020, 1434
1021, 538
1022, 1335
1023, 838
1024, 1438
1025, 638
1026, 1235
1027, 538
1028, 1334
1029, 537
1030, 737
1031, 435
1032, 1135
1033, 735
1034, 1335
1035, 737
1036, 1135
1037, 1238
1038, 633
1039, 1335
1040, 831
1041, 1339
1042, 637
1043, 1634
1044, 535
1045, 936
1046, 737
1047, 1431
1048, 736
1049, 1432
1050, 538
1051, 1038
1052, 1039
1053, 1134
1054, 936
1055, 1133
1056, 1035
1057, 733
1058, 1631
1059, 734
1060, 1631
1061, 531
1062, 1438
1063, 536
1064, 1636
1065, 636
1066, 1537
1067, 533
1068, 1335
1069, 930
1070, 1430
1071, 832
1072, 1336
1073, 633
1074, 1033
1075, 1039
1076, 30
1077, 32
1078, 36
1079, 1235
1080, 539
1081, 1833
1082, 30
1083, 339
1084, 31
1085, 31
1086, 30
1087, 31
1088, 30
1089, 30
1090, 31
1091, 30
1092, 31
1093, 31
1094, 30
1095, 31
1096, 31
1097, 31
1098, 31
1099, 31
1100, 31
1101, 32
1102, 937
1103, 431
1104, 333
1105, 333
1106, 1035
1107, 1130
1108, 439
1109, 735
1110, 533
1111, 430
1112, 1332
1113, 1133
1114, 935
1115, 430
1116, 634
1117, 1338
1118, 739
1119, 1732
1120, 535
1121, 1432
1122, 637
1123, 1731
1124, 730
1125, 434
1126, 438
1127, 1632
1128, 237
1129, 835
1130, 430
1131, 936
1132, 933
1133, 837
1134, 1338
1135, 736
1136, 1630
1137, 639
1138, 31
1139, 31
1140, 30
1141, 30
1142, 31
1143, 30
1144, 932
1145, 438
1146, 1134
1147, 836
1148, 1234
1149, 737
1150, 1336
1151, 939
1152, 831
1153, 339
1154, 831
1155, 530
1156, 736
1157, 1631
1158, 335
1159, 1338
1160, 1430
1161, 1633
1162, 634
1163, 1539
1164, 734
1165, 1336
1166, 630
1167, 2037
1168, 31
1169, 32
1170, 936
1171, 836
1172, 1035
1173, 1238
1174, 1236
1175, 30
1176, 531
1177, 439
1178, 1339
1179, 534
1180, 1736
1181, 535
1182, 1539
1183, 831
1184, 1332
1185, 631
1186, 1033
1187, 636
1188, 1434
1189, 935
1190, 939
1191, 1036
1192, 1135
1193, 533
1194, 930
1195, 937
1196, 439
1197, 1531
1198, 537
1199, 1732
1200, 632
1201, 1433
1202, 733
1203, 1235
1204, 634
1205, 1031
1206, 636
1207, 1438
1208, 838
1209, 1130
1210, 1032
1211, 1738
1212, 1334
1213, 738
1214, 1632
1215, 536
1216, 31
1217, 31
1218, 30
1219, 531
1220, 636
1221, 135
1222, 238
1223, 635
1224, 2332
1225, 630
1226, 1336
1227, 932
1228, 1031
1229, 935
1230, 832
1231, 1731
1232, 735
1233, 1439
1234, 736
1235, 1333
1236, 539
1237, 1136
1238, 634
1239, 1535
1240, 736
1241, 1234
1242, 639
1243, 1735
1244, 935
1245, 1236
1246, 836
1247, 1037
1248, 837
1249, 839
1250, 1831
1251, 433
1252, 138
1253, 30
1254, 30
1255, 30
1256, 931
1257, 637
1258, 1537
1259, 538
1260, 1232
1261, 437
1262, 832
1263, 1039
1264, 1330
1265, 833
1266, 1139
1267, 430
1268, 837
1269, 435
1270, 530
1271, 1530
1272, 732
1273, 1438
1274, 538
1275, 1434
1276, 836
1277, 1532
1278, 636
1279, 1532
1280, 630
1281, 1332
1282, 834
1283, 1239
1284, 835
1285, 1335
1286, 736
1287, 1035
1288, 1237
1289, 1032
1290, 1531
1291, 734
1292, 1438
1293, 631
1294, 1434
1295, 535
1296, 1538
1297, 637
1298, 1632
1299, 530
1300, 1337
1301, 532
1302, 1338
1303, 739
1304, 1434
1305, 633
1306, 1039
1307, 930
1308, 1039
1309, 1236
1310, 733
1311, 1533
1312, 537
1313, 1434
1314, 632
1315, 1531
1316, 634
1317, 1630
1318, 538
1319, 1434
1320, 1335
1321, 1438
1322, 833
1323, 1439
1324, 834
1325, 1135
1326, 834
1327, 738
1328, 1233
1329, 831
1330, 1437
1331, 536
1332, 1432
1333, 935
1334, 1531
1335, 636
1336, 1635
1337, 439
1338, 1433
1339, 538
1340, 1633
1341, 633
1342, 1532
1343, 930
1344, 1136
1345, 737
1346, 1239
1347, 1136
1348, 934
1349, 1534
1350, 535
1351, 1439
1352, 1030
1353, 1636
1354, 538
1355, 1732
1356, 533
1357, 1434
1358, 535
1359, 2139
1360, 634
1361, 1538
1362, 836
1363, 1137
1364, 834
1365, 637
1366, 937
1367, 1033
1368, 1533
1369, 531
1370, 1437
1371, 539
1372, 1730
1373, 634
1374, 1733
1375, 535
1376, 1430
1377, 536
1378, 2136
1379, 630
1380, 1531
1381, 739
1382, 1131
1383, 831
1384, 1131
1385, 1133
1386, 1030
1387, 1436
1388, 539
1389, 1435
1390, 630
1391, 1336
1392, 639
1393, 1736
1394, 634
1395, 1334
1396, 632
1397, 1733
1398, 739
1399, 1533
1400, 737
1401, 1433
1402, 737
1403, 1134
1404, 1538
1405, 939
1406, 1337
1407, 735
1408, 1239
1409, 632
1410, 2130
1411, 639
1412, 1736
1413, 635
1414, 1239
1415, 538
1416, 2030
1417, 739
1418, 1336
1419, 736
1420, 1332
1421, 734
1422, 1136
1423, 1135
1424, 1030
1425, 1332
1426, 830
1427, 1136
1428, 631
1429, 2136
1430, 730
1431, 1639
1432, 636
1433, 1430
1434, 534
1435, 1338
1436, 733
1437, 1335
1438, 736
1439, 1531
1440, 639
1441, 1237
1442, 733
1443, 1032
1444, 1235
1445, 836
1446, 1134
1447, 632
1448, 1939
1449, 835
1450, 1538
1451, 636
1452, 1633
1453, 535
1454, 1437
1455, 1233
1456, 1333
1457, 735
1458, 1531
1459, 535
1460, 1237
1461, 437
1462, 1036
1463, 1034
1464, 934
1465, 1430
1466, 631
1467, 1336
1468, 735
1469, 1630
1470, 635
1471, 934
1472, 30
1473, 1037
1474, 531
1475, 1430
1476, 734
1477, 1538
1478, 636
1479, 1339
1480, 638
1481, 1531
1482, 1031
1483, 1038
1484, 1335
1485, 633
1486, 1432
1487, 431
1488, 1730
1489, 639
1490, 1833
1491, 532
1492, 1631
1493, 1137
1494, 1538
1495, 735
1496, 1631
1497, 533
1498, 1238
1499, 632
1500, 1533
1501, 1237
1502, 1632
1503, 1033
1504, 935
1505, 931
1506, 1032
1507, 30
1508, 633
1509, 38
1510, 238
1511, 31
1512, 31
1513, 30
1514, 30
1515, 30
1516, 31
1517, 30
1518, 31
1519, 33
1520, 30
1521, 630
1522, 335
1523, 1534
1524, 1438
1525, 1838
1526, 1336
1527, 1536
1528, 1530
1529, 939
1530, 933
1531, 735
1532, 835
1533, 532
1534, 838
1535, 436
1536, 738
1537, 335
1538, 439
1539, 333
1540, 837
1541, 638
1542, 935
1543, 1130
1544, 632
1545, 1439
1546, 639
1547, 1638
1548, 631
1549, 1338
1550, 535
1551, 1931
1552, 633
1553, 1439
1554, 739
1555, 1138
1556, 732
1557, 1130
1558, 931
1559, 1136
1560, 1138
1561, 732
1562, 1237
1563, 632
1564, 1530
1565, 732
1566, 1633
1567, 636
1568, 1237
1569, 536
1570, 2133
1571, 632
1572, 1438
1573, 831
1574, 1136
1575, 730
1576, 1436
1577, 838
1578, 1036
1579, 1134
1580, 930
1581, 1136
1582, 632
1583, 1436
1584, 730
1585, 1533
1586, 639
1587, 1230
1588, 538
1589, 2137
1590, 634
1591, 1534
1592, 738
1593, 1238
1594, 638
1595, 1339
1596, 1030
1597, 1331
1598, 1038
1599, 1334
1600, 735
1601, 939
1602, 2038
1603, 830
1604, 2030
1605, 635
1606, 1437
1607, 535
1608, 2331
1609, 835
1610, 1536
1611, 639
1612, 1635
1613, 537
1614, 1238
1615, 935
1616, 1237
1617, 938
1618, 1033
1619, 1134
1620, 732
1621, 2030
1622, 735
1623, 1833
1624, 639
1625, 1535
1626, 535
1627, 1339
1628, 835
1629, 1239
1630, 730
1631, 1537
1632, 538
1633, 1335
1634, 1132
1635, 1132
1636, 938
1637, 1132
1638, 837
1639, 734
1640, 1232
1641, 1039
1642, 1433
1643, 731
1644, 1631
1645, 534
1646, 1435
1647, 1630
1648, 1331
1649, 638
1650, 1537
1651, 633
1652, 1433
1653, 1030
1654, 1432
1655, 831
1656, 1430
1657, 1234
1658, 832
1659, 1338
1660, 536
1661, 1734
1662, 735
1663, 1937
1664, 536
1665, 1733
1666, 1032
1667, 1534
1668, 635
1669, 1639
1670, 638
1671, 1432
1672, 630
1673, 2134
1674, 737
1675, 1238
1676, 937
1677, 736
1678, 1036
1679, 538
1680, 1333
1681, 832
1682, 1530
1683, 537
1684, 1336
1685, 431
1686, 1039
1687, 638
1688, 1435
1689, 630
1690, 1230
1691, 633
1692, 1931
1693, 737
1694, 1239
1695, 1030
1696, 837
1697, 1035
1698, 1233
1699, 1235
1700, 734
1701, 1531
1702, 438
1703, 1335
1704, 536
1705, 1135
1706, 634
1707, 1533
1708, 732
1709, 1230
1710, 638
1711, 2037
1712, 637
1713, 1430
1714, 938
1715, 931
1716, 1035
1717, 732
1718, 1530
1719, 735
1720, 1731
1721, 632
1722, 1537
1723, 535
1724, 1331
1725, 637
1726, 1735
1727, 636
1728, 1334
1729, 631
1730, 2232
1731, 534
1732, 1735
1733, 932
1734, 1039
1735, 1134
1736, 837
1737, 1537
1738, 831
1739, 1831
1740, 638
1741, 1531
1742, 537
1743, 2334
1744, 637
1745, 1830
1746, 632
1747, 1430
1748, 635
1749, 1532
1750, 736
1751, 1339
1752, 932
1753, 1139
1754, 938
1755, 834
1756, 1334
1757, 737
1758, 1631
1759, 639
1760, 1437
1761, 539
1762, 1239
1763, 837
1764, 1631
1765, 732
1766, 1438
1767, 636
1768, 1336
1769, 334
1770, 1331
1771, 836
1772, 1233
1773, 834
1774, 839
1775, 1133
1776, 739
1777, 1638
1778, 735
1779, 1538
1780, 630
1781, 1535
1782, 1632
1783, 1631
1784, 634
1785, 1638
1786, 632
1787, 1438
1788, 531
1789, 1536
1790, 831
1791, 1339
1792, 832
1793, 937
1794, 1937
1795, 1034
1796, 1534
1797, 736
1798, 1738
1799, 539
1800, 1538
1801, 1039
1802, 1639
1803, 631
1804, 1832
1805, 530
1806, 1534
1807, 638
1808, 1439
1809, 831
1810, 1538
1811, 837
1812, 1130
1813, 1033
1814, 1730
1815, 1439
1816, 734
1817, 1538
1818, 630
1819, 1439
1820, 1639
1821, 1532
1822, 730
1823, 1630
1824, 630
1825, 1338
1826, 536
1827, 1432
1828, 834
1829, 1430
1830, 834
1831, 1132
1832, 933
1833, 1339
1834, 1236
1835, 831
1836, 1537
1837, 533
1838, 1434
1839, 1135
1840, 1531
1841, 733
1842, 1532
1843, 435
1844, 1239
1845, 630
1846, 1232
1847, 635
1848, 1437
1849, 739
1850, 939
1851, 931
1852, 1037
1853, 1034
1854, 837
1855, 1530
1856, 531
1857, 1433
1858, 536
1859, 1730
1860, 630
1861, 1631
1862, 631
1863, 1333
1864, 632
1865, 1438
1866, 635
1867, 1530
1868, 835
1869, 934
1870, 839
1871, 1739
1872, 1034
1873, 935
1874, 1533
1875, 533
1876, 1432
1877, 536
1878, 2232
1879, 637
1880, 1638
1881, 636
1882, 1332
1883, 639
1884, 1533
1885, 632
1886, 1439
1887, 839
1888, 1038
1889, 835
1890, 1036
1891, 1139
1892, 738
1893, 1432
1894, 636
1895, 1235
1896, 630
1897, 1836
1898, 636
1899, 1533
1900, 738
1901, 1134
1902, 639
1903, 2038
1904, 632
1905, 1337
1906, 837
1907, 939
1908, 833
1909, 935
1910, 1738
1911, 833
1912, 1338
1913, 730
1914, 1230
1915, 631
1916, 1235
1917, 637
1918, 1435
1919, 736
1920, 1035
1921, 638
1922, 1139
1923, 638
1924, 1230
1925, 836
1926, 1234
1927, 737
1928, 937
1929, 1630
1930, 836
1931, 1431
1932, 831
1933, 1331
1934, 631
1935, 1537
1936, 732
1937, 1435
1938, 731
1939, 1235
1940, 631
1941, 1238
1942, 538
1943, 1331
1944, 832
1945, 1236
1946, 731
1947, 1037
1948, 532
1949, 930
1950, 1336
1951, 737
1952, 1334
1953, 631
1954, 1330
1955, 737
1956, 1433
1957, 730
1958, 1338
1959, 632
1960, 1235
1961, 730
1962, 1330
1963, 737
1964, 1337
1965, 735
1966, 1132
1967, 939
1968, 930
1969, 1238
1970, 832
1971, 1036
1972, 630
1973, 1331
1974, 1037
1975, 1439
1976, 731
1977, 1430
1978, 533
1979, 1237
1980, 933
1981, 1334
1982, 833
1983, 1434
1984, 537
1985, 1135
1986, 830
1987, 1137
1988, 1130
1989, 836
1990, 1531
1991, 630
1992, 1337
1993, 1231
1994, 1434
1995, 638
1996, 1632
1997, 532
1998, 1337
1999, 1034
2000, 1332
2001, 739
2002, 1530
2003, 533
2004, 1230
2005, 733
2006, 1234
2007, 1130
2008, 933
2009, 1533
2010, 632
2011, 1533
2012, 1630
2013, 1930
2014, 733
2015, 2330
2016, 533
2017, 2232
2018, 437
2019, 2735
2020, 530
2021, 3334
2022, 331
2023, 3536
2024, 235
2025, 2734
2026, 138
2027, 3631
2028, 737
2029, 1635
2030, 1931
2031, 1438
2032, 1237
2033, 1539
2034, 2238
2035, 935
2036, 2737
2037, 633
2038, 2735
2039, 431
2040, 3439
2041, 338
2042, 3538
2043, 232
2044, 2634
2045, 130
2046, 3232
2047, 638
2048, 1330
2049, 1430
2050, 1035
2051, 1638
2052, 1034
2053, 2135
2054, 739
2055, 2338
2056, 537
2057, 2835
2058, 531
2059, 2830
2060, 435
2061, 2835
2062, 436
2063, 1836
2064, 836
2065, 1736
2066, 1635
2067, 732
2068, 1837
2069, 731
2070, 2039
2071, 737
2072, 2432
2073, 631
2074, 2230
2075, 536
2076, 2139
2077, 439
2078, 4039
2079, 30
2080, 4039
2081, 30
2082, 2636
2083, 932
2084, 1834
2085, 1631
2086, 1132
2087, 30
2088, 3832
2089, 239
2090, 1938
2091, 2238
2092, 634
2093, 3232
2094, 338
2095, 3336
2096, 36
2097, 3939
2098, 30
2099, 4039
2100, 30
2101, 4039
2102, 437
2103, 4039
2104, 1939
2105, 1236
2106, 2039
2107, 831
2108, 2438
2109, 833
2110, 2337
2111, 635
2112, 1739
2113, 537
2114, 1635
2115, 833
2116, 1537
2117, 733
2118, 1436
2119, 637
2120, 1338
2121, 637
2122, 1237
2123, 1230
2124, 934
2125, 1334
2126, 637
2127, 1932
2128, 734
2129, 1835
2130, 633
2131, 1634
2132, 536
2133, 1532
2134, 637
2135, 1537
2136, 734
2137, 1536
2138, 536
2139, 1430
2140, 1031
2141, 1235
2142, 1130
2143, 1033
2144, 1233
2145, 638
2146, 1237
2147, 931
2148, 1635
2149, 639
2150, 1734
2151, 537
2152, 1538
2153, 1435
2154, 1534
2155, 731
2156, 1731
2157, 535
2158, 1438
2159, 1336
2160, 1239
2161, 836
2162, 1136
2163, 635
2164, 1632
2165, 1532
2166, 138
2167, 1432
2168, 1439
2169, 1238
2170, 1537
2171, 1731
2172, 2035
2173, 1531
2174, 1531
2175, 1632
2176, 1135
2177, 1132
2178, 735
2179, 1130
2180, 638
2181, 937
2182, 634
2183, 834
2184, 839
2185, 1131
2186, 935
2187, 937
2188, 1038
2189, 836
2190, 1732
2191, 1539
2192, 1439
2193, 731
2194, 1535
2195, 634
2196, 1333
2197, 439
2198, 1239
2199, 831
2200, 1235
2201, 939
2202, 733
2203, 1236
2204, 1036
2205, 1531
2206, 731
2207, 1736
2208, 535
2209, 1537
2210, 1536
2211, 1339
2212, 535
2213, 1637
2214, 530
2215, 1436
2216, 536
2217, 2131
2218, 736
2219, 1437
2220, 1237
2221, 739
2222, 1337
2223, 730
2224, 1633
2225, 831
2226, 1138
2227, 639
2228, 1133
2229, 1637
2230, 1934
2231, 1630
2232, 1538
2233, 734
2234, 1032
2235, 1535
2236, 1332
2237, 1532
2238, 1734
2239, 1531
2240, 230
2241, 1339
2242, 936
2243, 838
2244, 838
2245, 937
2246, 837
2247, 838
2248, 1030
2249, 2030
2250, 638
2251, 1735
2252, 735
2253, 1331
2254, 636
2255, 1636
2256, 734
2257, 1438
2258, 1033
2259, 934
2260, 1234
2261, 730
2262, 1633
2263, 739
2264, 1239
2265, 734
2266, 1534
2267, 1634
2268, 1630
2269, 834
2270, 1531
2271, 1635
2272, 1639
2273, 1539
2274, 1435
2275, 131
2276, 1537
2277, 736
2278, 1035
2279, 934
2280, 1436
2281, 1935
2282, 738
2283, 1735
2284, 635
2285, 1437
2286, 534
2287, 2339
2288, 732
2289, 1634
2290, 1730
2291, 1637
2292, 1632
2293, 1132
2294, 1736
2295, 1732
2296, 1434
2297, 31
2298, 30
2299, 30
2300, 31
2301, 30
2302, 31
2303, 31
2304, 31
2305, 30
2306, 34
2307, 832
2308, 1533
2309, 637
2310, 1537
2311, 635
2312, 1339
2313, 1232
2314, 1239
2315, 931
2316, 1236
2317, 635
2318, 1033
2319, 1138
2320, 737
2321, 932
2322, 835
2323, 739
2324, 639
2325, 838
2326, 933
2327, 836
2328, 632
2329, 931
2330, 531
2331, 837
2332, 336
2333, 930
2334, 539
2335, 830
2336, 438
2337, 730
2338, 539
2339, 639
2340, 637
2341, 632
2342, 731
2343, 534
2344, 736
2345, 636
2346, 736
2347, 535
2348, 835
2349, 436
2350, 834
2351, 639
2352, 838
2353, 530
2354, 834
2355, 531
2356, 736
2357, 634
2358, 931
2359, 637
2360, 636
2361, 734
2362, 533
2363, 735
2364, 434
2365, 731
2366, 535
2367, 833
2368, 432
2369, 830
2370, 435
2371, 1038
2372, 435
2373, 831
2374, 531
2375, 730
2376, 534
2377, 439
2378, 631
2379, 632
2380, 635
2381, 438
2382, 635
2383, 732
2384, 730
2385, 436
2386, 734
2387, 338
2388, 734
2389, 433
2390, 939
2391, 338
2392, 739
2393, 433
2394, 637
2395, 438
2396, 1032
2397, 539
2398, 630
2399, 635
2400, 439
2401, 636
2402, 638
2403, 731
2404, 436
2405, 732
2406, 435
2407, 731
2408, 430
2409, 835
2410, 334
2411, 735
2412, 433
2413, 637
2414, 435
2415, 634
2416, 536
2417, 631
2418, 631
2419, 434
2420, 539
2421, 434
2422, 531
2423, 433
2424, 636
2425, 431
2426, 634
2427, 336
2428, 733
2429, 330
2430, 732
2431, 336
2432, 634
2433, 432
2434, 734
2435, 238
2436, 530
2437, 537
2438, 437
2439, 537
2440, 434
2441, 539
2442, 434
2443, 635
2444, 430
2445, 633
2446, 333
2447, 939
2448, 331
2449, 733
2450, 337
2451, 632
2452, 336
2453, 537
2454, 733
2455, 530
2456, 537
2457, 439
2458, 536
2459, 434
2460, 934
2461, 430
2462, 634
2463, 433
2464, 630
2465, 335
2466, 636
2467, 434
2468, 636
2469, 334
2470, 636
2471, 333
2472, 537
2473, 630
2474, 437
2475, 534
2476, 437
2477, 534
2478, 432
2479, 536
2480, 438
2481, 630
2482, 339
2483, 636
2484, 332
2485, 633
2486, 730
2487, 631
2488, 330
2489, 635
2490, 239
2491, 536
2492, 331
2493, 532
2494, 530
2495, 434
2496, 436
2497, 338
2498, 532
2499, 733
2500, 533
2501, 336
2502, 633
2503, 332
2504, 632
2505, 431
2506, 631
2507, 333
2508, 638
2509, 237
2510, 631
2511, 430
2512, 736
2513, 437
2514, 437
2515, 535
2516, 430
2517, 534
2518, 334
2519, 536
2520, 432
2521, 636
2522, 333
2523, 635
2524, 734
2525, 736
2526, 331
2527, 736
2528, 339
2529, 737
2530, 438
2531, 435
2532, 532
2533, 538
2534, 636
2535, 436
2536, 633
2537, 430
2538, 536
2539, 434
2540, 638
2541, 239
2542, 636
2543, 335
2544, 539
2545, 334
2546, 735
2547, 336
2548, 639
2549, 431
2550, 437
2551, 439
2552, 632
2553, 633
2554, 438
2555, 632
2556, 436
2557, 732
2558, 439
2559, 733
2560, 530
2561, 734
2562, 432
2563, 632
2564, 336
2565, 833
2566, 430
2567, 638
2568, 338
2569, 1035
2570, 535
2571, 535
2572, 635
2573, 435
2574, 632
2575, 435
2576, 530
2577, 436
2578, 734
2579, 432
2580, 637
2581, 430
2582, 935
2583, 431
2584, 838
2585, 438
2586, 733
2587, 339
2588, 532
2589, 531
2590, 635
2591, 635
2592, 539
2593, 538
2594, 532
2595, 631
2596, 439
2597, 739
2598, 633
2599, 835
2600, 733
2601, 1532
2602, 438
2603, 1031
2604, 433
2605, 831
2606, 336
2607, 839
2608, 1134
2609, 1337
2610, 1239
2611, 837
2612, 931
2613, 1337
2614, 1332
2615, 1336
2616, 1434
2617, 1431
2618, 1437
2619, 739
2620, 1138
2621, 734
2622, 937
2623, 637
2624, 939
2625, 630
2626, 936
2627, 538
2628, 831
2629, 639
2630, 937
2631, 936
2632, 1030
2633, 1435
2634, 1435
2635, 1438
2636, 1433
2637, 1337
2638, 1237
2639, 1436
2640, 33
2641, 30
2642, 31
2643, 30
2644, 31
2645, 31
2646, 31
2647, 30
2648, 30
2649, 30
2650, 31
2651, 31
2652, 30
2653, 31
2654, 30
2655, 30
2656, 30
2657, 31
2658, 30
2659, 31
2660, 30
2661, 30
2662, 30
2663, 30
2664, 31
2665, 30
2666, 30
2667, 30
2668, 30
2669, 30
2670, 31
2671, 30
2672, 30
2673, 31
2674, 538
2675, 1634
2676, 536
2677, 1338
2678, 1236
2679, 1434
2680, 634
2681, 1434
2682, 732
2683, 1133
2684, 834
2685, 1330
2686, 1137
2687, 830
2688, 1239
2689, 532
2690, 1431
2691, 939
2692, 1332
2693, 636
2694, 1539
2695, 437
2696, 1337
2697, 939
2698, 1536
2699, 633
2700, 1531
2701, 733
2702, 1133
2703, 737
2704, 1530
2705, 1135
2706, 836
2707, 1630
2708, 535
2709, 1132
2710, 1636
2711, 938
2712, 737
2713, 1037
2714, 537
2715, 936
2716, 631
2717, 738
2718, 530
2719, 1030
2720, 530
2721, 934
2722, 535
2723, 738
2724, 536
2725, 738
2726, 831
2727, 632
2728, 831
2729, 437
2730, 639
2731, 537
2732, 832
2733, 434
2734, 739
2735, 435
2736, 1034
2737, 337
2738, 835
2739, 430
2740, 738
2741, 337
2742, 1035
2743, 532
2744, 838
2745, 837
2746, 732
2747, 831
2748, 535
2749, 932
2750, 538
2751, 933
2752, 630
2753, 839
2754, 534
2755, 833
2756, 437
2757, 938
2758, 533
2759, 938
2760, 536
2761, 1039
2762, 339
2763, 834
2764, 730
2765, 539
2766, 739
2767, 633
2768, 1034
2769, 533
2770, 834
2771, 530
2772, 733
2773, 433
2774, 538
2775, 339
2776, 836
2777, 433
2778, 830
2779, 431
2780, 730
2781, 436
2782, 636
2783, 538
2784, 530
2785, 632
2786, 531
2787, 1036
2788, 439
2789, 736
2790, 439
2791, 732
2792, 434
2793, 730
2794, 433
2795, 839
2796, 435
2797, 739
2798, 339
2799, 839
2800, 530
2801, 733
2802, 630
2803, 730
2804, 636
2805, 534
2806, 1230
2807, 530
2808, 737
2809, 531
2810, 736
2811, 436
2812, 1234
2813, 437
2814, 934
2815, 532
2816, 739
2817, 434
2818, 838
2819, 735
2820, 736
2821, 535
2822, 733
2823, 631
2824, 538
2825, 831
2826, 532
2827, 831
2828, 539
2829, 936
2830, 538
2831, 1338
2832, 837
2833, 1436
2834, 733
2835, 1430
2836, 538
2837, 1235
2838, 734
2839, 1132
2840, 1130
2841, 934
2842, 1231
2843, 632
2844, 2037
2845, 930
2846, 1033
2847, 732
2848, 835
2849, 539
2850, 739
2851, 934
2852, 738
2853, 537
2854, 737
2855, 435
2856, 736
2857, 835
2858, 639
2859, 537
2860, 733
2861, 536
2862, 632
2863, 634
2864, 933
2865, 636
2866, 630
2867, 733
2868, 538
2869, 736
2870, 636
2871, 735
2872, 630
2873, 836
2874, 439
2875, 837
2876, 934
2877, 837
2878, 530
2879, 733
2880, 537
2881, 636
2882, 638
2883, 433
2884, 638
2885, 631
2886, 736
2887, 538
2888, 831
2889, 631
2890, 739
2891, 631
2892, 932
2893, 633
2894, 1130
2895, 1138
2896, 1039
2897, 732
2898, 1539
2899, 1531
2900, 1634
2901, 1234
2902, 931
2903, 731
2904, 737
2905, 739
2906, 732
2907, 836
2908, 633
2909, 734
2910, 937
2911, 1534
2912, 1437
2913, 1631
2914, 1434
2915, 1433
2916, 1430
2917, 1532
2918, 1335
2919, 132
2920, 33
2921, 31
2922, 31
2923, 30
2924, 335
2925, 236
2926, 31
2927, 36
2928, 30
2929, 632
2930, 733
2931, 534
2932, 731
2933, 435
2934, 630
2935, 434
2936, 732
2937, 438
2938, 538
2939, 530
2940, 537
2941, 539
2942, 439
2943, 537
2944, 436
2945, 536
2946, 438
2947, 438
2948, 438
2949, 637
2950, 432
2951, 637
2952, 431
2953, 935
2954, 336
2955, 732
2956, 531
2957, 633
2958, 532
2959, 532
2960, 533
2961, 530
2962, 538
2963, 439
2964, 536
2965, 436
2966, 535
2967, 431
2968, 635
2969, 339
2970, 539
2971, 337
2972, 834
2973, 239
2974, 635
2975, 336
2976, 530
2977, 430
2978, 438
2979, 431
2980, 435
2981, 534
2982, 439
2983, 532
2984, 433
2985, 935
2986, 430
2987, 636
2988, 435
2989, 635
2990, 431
2991, 638
2992, 433
2993, 738
2994, 534
2995, 1235
2996, 1036
2997, 737
2998, 1832
2999, 731
3000, 1537
3001, 733
3002, 1235
3003, 538
3004, 1736
3005, 831
3006, 1331
3007, 737
3008, 1334
3009, 637
3010, 1139
3011, 436
3012, 1136
3013, 932
3014, 1132
3015, 738
3016, 830
3017, 1437
3018, 639
3019, 1439
3020, 734
3021, 1239
3022, 632
3023, 1235
3024, 537
3025, 1334
3026, 737
3027, 1331
3028, 635
3029, 1137
3030, 1234
3031, 1136
3032, 930
3033, 1230
3034, 936
3035, 839
3036, 1036
3037, 839
3038, 1235
3039, 738
3040, 1131
3041, 630
3042, 1238
3043, 735
3044, 1331
3045, 737
3046, 1431
3047, 539
3048, 1236
3049, 931
3050, 1133
3051, 838
3052, 1232
3053, 636
3054, 838
3055, 938
3056, 836
3057, 1237
3058, 739
3059, 1239
3060, 534
3061, 1237
3062, 1433
3063, 1337
3064, 738
3065, 1437
3066, 531
3067, 1238
3068, 635
3069, 1232
3070, 836
3071, 1238
3072, 632
3073, 936
3074, 934
3075, 1436
3076, 1234
3077, 734
3078, 1535
3079, 536
3080, 1333
3081, 838
3082, 1435
3083, 736
3084, 1530
3085, 535
3086, 1238
3087, 1232
3088, 1333
3089, 638
3090, 1333
3091, 535
3092, 939
3093, 930
3094, 833
3095, 1238
3096, 738
3097, 1534
3098, 630
3099, 1430
3100, 530
3101, 1330
3102, 730
3103, 1434
3104, 437
3105, 1239
3106, 632
3107, 1333
3108, 639
3109, 1430
3110, 838
3111, 1033
3112, 835
3113, 1732
3114, 1135
3115, 838
3116, 1439
3117, 531
3118, 1431
3119, 536
3120, 1533
3121, 537
3122, 1534
3123, 637
3124, 1333
3125, 632
3126, 935
3127, 637
3128, 1432
3129, 831
3130, 1033
3131, 839
3132, 1233
3133, 1034
3134, 931
3135, 1433
3136, 530
3137, 1338
3138, 535
3139, 1635
3140, 634
3141, 1534
3142, 739
3143, 1135
3144, 635
3145, 1434
3146, 630
3147, 1433
3148, 834
3149, 936
3150, 835
3151, 731
3152, 1137
3153, 739
3154, 1432
3155, 638
3156, 1237
3157, 538
3158, 1230
3159, 635
3160, 1538
3161, 736
3162, 1134
3163, 636
3164, 2139
3165, 537
3166, 1434
3167, 833
3168, 1033
3169, 831
3170, 936
3171, 835
3172, 833
3173, 1430
3174, 631
3175, 1237
3176, 539
3177, 1035
3178, 639
3179, 1537
3180, 733
3181, 1239
3182, 634
3183, 1533
3184, 735
3185, 1237
3186, 831
3187, 1136
3188, 833
3189, 1032
3190, 636
3191, 836
3192, 1338
