1, 1331
2, 839
3, 1239
4, 838
5, 1232
6, 939
7, 1038
8, 1137
9, 934
10, 1332
11, 933
12, 1339
13, 938
14, 1533
15, 633
16, 1334
17, 930
18, 1036
19, 634
20, 1331
21, 834
22, 1239
23, 636
24, 1032
25, 1130
26, 832
27, 1230
28, 835
29, 1035
30, 637
31, 1238
32, 637
33, 1338
34, 830
35, 1132
36, 639
37, 1738
38, 733
39, 1332
40, 838
41, 1031
42, 731
43, 1239
44, 837
45, 1130
46, 1034
47, 731
48, 1036
49, 1237
50, 1138
51, 831
52, 1132
53, 638
54, 1138
55, 833
56, 1230
57, 835
58, 1136
59, 733
60, 1433
61, 838
62, 1138
63, 936
64, 836
65, 934
66, 638
67, 1038
68, 835
69, 1332
70, 637
71, 1234
72, 838
73, 1234
74, 831
75, 1333
76, 539
77, 1138
78, 1230
79, 1137
80, 832
81, 1233
82, 739
83, 1035
84, 1130
85, 931
86, 1336
87, 1136
88, 1530
89, 632
90, 1235
91, 634
92, 1435
93, 534
94, 1235
95, 538
96, 1336
97, 831
98, 1337
99, 632
100, 1139
101, 937
102, 939
103, 1030
104, 1033
105, 1031
106, 636
107, 1731
108, 735
109, 1838
110, 730
111, 1739
112, 537
113, 1930
114, 631
115, 2034
116, 631
117, 1935
118, 435
119, 2437
120, 538
121, 2338
122, 938
123, 1338
124, 1431
125, 937
126, 1839
127, 930
128, 2233
129, 638
130, 2338
131, 936
132, 2731
133, 630
134, 2635
135, 439
136, 2534
137, 438
138, 2536
139, 639
140, 1737
141, 837
142, 1738
143, 1333
144, 1538
145, 2437
146, 736
147, 2439
148, 932
149, 2231
150, 937
151, 132
152, 3835
153, 1530
154, 2638
155, 3436
156, 638
157, 3932
158, 130
159, 4036
160, 434
161, 4036
162, 35
163, 3938
164, 31
165, 4031
166, 430
167, 3937
168, 35
169, 3735
170, 136
171, 3932
172, 135
173, 2531
174, 3130
175, 535
176, 1831
177, 538
178, 1339
179, 931
180, 1238
181, 933
182, 838
183, 1339
184, 736
185, 1632
186, 730
187, 1430
188, 537
189, 1736
190, 637
191, 1630
192, 730
193, 1234
194, 636
195, 1635
196, 834
197, 1435
198, 833
199, 1239
200, 930
201, 1137
202, 1130
203, 1031
204, 1331
205, 931
206, 1339
207, 932
208, 1431
209, 839
210, 1339
211, 932
212, 1332
213, 837
214, 1337
215, 836
216, 1336
217, 834
218, 1332
219, 838
220, 1139
221, 1039
222, 1030
223, 1237
224, 936
225, 1336
226, 933
227, 1434
228, 931
229, 1431
230, 933
231, 1333
232, 838
233, 1337
234, 838
235, 1337
236, 832
237, 1331
238, 838
239, 1233
240, 1035
241, 1037
242, 1233
243, 937
244, 1337
245, 932
246, 1437
247, 932
248, 1430
249, 930
250, 1336
251, 839
252, 1335
253, 835
254, 1336
255, 835
256, 1335
257, 836
258, 1236
259, 1031
260, 1038
261, 1139
262, 935
263, 1331
264, 931
265, 1430
266, 930
267, 1432
268, 930
269, 1335
270, 838
271, 1337
272, 838
273, 1339
274, 834
275, 1336
276, 834
277, 1236
278, 936
279, 1131
280, 1134
281, 936
282, 1331
283, 932
284, 1339
285, 930
286, 1339
287, 931
288, 1338
289, 930
290, 1336
291, 836
292, 1335
293, 836
294, 1430
295, 832
296, 1330
297, 931
298, 1131
299, 1130
300, 1033
301, 1238
302, 936
303, 1339
304, 930
305, 1436
306, 932
307, 1430
308, 931
309, 1334
310, 837
311, 1337
312, 838
313, 1336
314, 834
315, 1330
316, 930
317, 1137
318, 1035
319, 1032
320, 1331
321, 934
322, 1337
323, 930
324, 1436
325, 930
326, 1435
327, 839
328, 1333
329, 838
330, 1338
331, 836
332, 1338
333, 833
334, 1331
335, 839
336, 1236
337, 938
338, 1035
339, 1233
340, 935
341, 1334
342, 932
343, 1436
344, 931
345, 1430
346, 930
347, 1335
348, 838
349, 1335
350, 838
351, 1430
352, 833
353, 1339
354, 837
355, 1237
356, 936
357, 1130
358, 1134
359, 1030
360, 1334
361, 933
362, 1433
363, 931
364, 1433
365, 932
366, 1432
367, 839
368, 1334
369, 836
370, 1338
371, 834
372, 1338
373, 835
374, 1237
375, 932
376, 1135
377, 1038
378, 1032
379, 1334
380, 932
381, 1431
382, 935
383, 1433
384, 931
385, 1435
386, 837
387, 1335
388, 839
389, 1430
390, 838
391, 1430
392, 836
393, 1330
394, 838
395, 1139
396, 1033
397, 1034
398, 1237
399, 934
400, 1337
401, 932
402, 1438
403, 931
404, 1433
405, 935
406, 1332
407, 839
408, 1431
409, 836
410, 1432
411, 837
412, 1338
413, 839
414, 1237
415, 1034
416, 1039
417, 1330
418, 937
419, 1432
420, 934
421, 1439
422, 932
423, 1439
424, 932
425, 1432
426, 839
427, 1433
428, 836
429, 1532
430, 834
431, 1432
432, 836
433, 1330
434, 935
435, 1134
436, 1138
437, 938
438, 1338
439, 934
440, 1438
441, 931
442, 1532
443, 931
444, 1435
445, 839
446, 1433
447, 837
448, 1437
449, 836
450, 1433
451, 832
452, 1338
453, 930
454, 1136
455, 1135
456, 939
457, 1335
458, 1030
459, 1439
460, 933
461, 1533
462, 930
463, 1533
464, 932
465, 1437
466, 838
467, 1630
468, 835
469, 1630
470, 833
471, 1530
472, 839
473, 1238
474, 1132
475, 1130
476, 1433
477, 939
478, 1638
479, 937
480, 1737
481, 934
482, 1832
483, 932
484, 1836
485, 838
486, 1932
487, 834
488, 1935
489, 831
490, 1933
491, 831
492, 1730
493, 1036
494, 1237
495, 1534
496, 1033
497, 1738
498, 1030
499, 1936
500, 936
501, 1936
502, 933
503, 1935
504, 838
505, 2038
506, 837
507, 2135
508, 834
509, 2135
510, 830
511, 1931
512, 939
513, 1339
514, 1339
515, 1036
516, 1736
517, 938
518, 1933
519, 934
520, 1939
521, 931
522, 1936
523, 931
524, 2038
525, 836
526, 2131
527, 834
528, 2132
529, 830
530, 1933
531, 838
532, 1438
533, 1235
534, 1039
535, 1638
536, 939
537, 1830
538, 934
539, 1739
540, 936
541, 1831
542, 931
543, 1839
544, 837
545, 1932
546, 838
547, 1931
548, 832
549, 1731
550, 838
551, 1435
552, 1136
553, 1134
554, 1630
555, 1030
556, 1737
557, 935
558, 1839
559, 932
560, 1835
561, 931
562, 1838
563, 836
564, 1933
565, 835
566, 1935
567, 832
568, 1831
569, 838
570, 1532
571, 1132
572, 1139
573, 1535
574, 1032
575, 1738
576, 937
577, 1839
578, 932
579, 1831
580, 931
581, 1739
582, 930
583, 1838
584, 837
585, 1837
586, 836
587, 1831
588, 833
589, 1631
590, 1031
591, 1231
592, 1438
593, 1031
594, 1730
595, 937
596, 1737
597, 935
598, 1831
599, 931
600, 1739
601, 931
602, 1933
603, 837
604, 2037
605, 837
606, 2037
607, 739
608, 1839
609, 932
610, 1438
611, 1237
612, 1038
613, 1732
614, 939
615, 1931
616, 937
617, 1936
618, 932
619, 1935
620, 932
621, 2038
622, 839
623, 2230
624, 837
625, 2230
626, 738
627, 2037
628, 739
629, 1637
630, 1133
631, 1138
632, 1731
633, 1033
634, 1834
635, 938
636, 2033
637, 934
638, 2039
639, 839
640, 2138
641, 839
642, 2235
643, 838
644, 2235
645, 831
646, 2134
647, 830
648, 1833
649, 1036
650, 1239
651, 1635
652, 1038
653, 1833
654, 939
655, 2030
656, 936
657, 2032
658, 933
659, 2035
660, 930
661, 1939
662, 931
663, 1933
664, 830
665, 1930
666, 831
667, 1639
668, 1037
669, 1236
670, 1435
671, 1032
672, 1730
673, 939
674, 1832
675, 933
676, 1830
677, 931
678, 1733
679, 930
680, 1837
681, 838
682, 1930
683, 835
684, 1930
685, 831
686, 1736
687, 934
688, 1338
689, 1330
690, 1035
691, 1735
692, 1030
693, 1839
694, 937
695, 2032
696, 934
697, 1934
698, 931
699, 2033
700, 839
701, 2132
702, 836
703, 2139
704, 738
705, 2039
706, 833
707, 1538
708, 1138
709, 1135
710, 1637
711, 1034
712, 1836
713, 938
714, 2033
715, 932
716, 2032
717, 930
718, 2038
719, 838
720, 2134
721, 835
722, 2136
723, 831
724, 2035
725, 833
726, 1733
727, 1133
728, 1235
729, 1637
730, 1034
731, 1836
732, 1031
733, 2030
734, 936
735, 1939
736, 932
737, 2035
738, 839
739, 2132
740, 838
741, 2137
742, 832
743, 2037
744, 832
745, 1733
746, 1034
747, 1234
748, 1432
749, 1031
750, 1731
751, 937
752, 1931
753, 932
754, 1933
755, 930
756, 1939
757, 838
758, 2036
759, 838
760, 2036
761, 834
762, 2033
763, 830
764, 1832
765, 933
766, 1339
767, 1238
768, 1035
769, 1637
770, 1030
771, 1839
772, 938
773, 1937
774, 935
775, 1935
776, 932
777, 2037
778, 838
779, 2139
780, 835
781, 2231
782, 739
783, 1937
784, 833
785, 1534
786, 1135
787, 1136
788, 1637
789, 1033
790, 1837
791, 939
792, 2031
793, 935
794, 2031
795, 931
796, 1938
797, 930
798, 1936
799, 837
800, 1939
801, 832
802, 1933
803, 833
804, 1731
805, 1038
806, 1235
807, 1539
808, 1035
809, 1737
810, 1030
811, 1939
812, 936
813, 2031
814, 932
815, 1933
816, 930
817, 1930
818, 837
819, 1831
820, 834
821, 1634
822, 834
823, 1433
824, 1030
825, 1133
826, 1239
827, 937
828, 1431
829, 933
830, 1436
831, 930
832, 1436
833, 930
834, 1339
835, 839
836, 1337
837, 839
838, 1337
839, 837
840, 1332
841, 836
842, 1234
843, 935
844, 1038
845, 1133
846, 936
847, 1238
848, 932
849, 1336
850, 931
851, 1339
852, 930
853, 1335
854, 839
855, 1332
856, 839
857, 1333
858, 837
859, 1331
860, 832
861, 1235
