1, 1130
2, 632
3, 1533
4, 831
5, 1538
6, 638
7, 1236
8, 535
9, 1537
10, 631
11, 1533
12, 735
13, 1331
14, 636
15, 1632
16, 730
17, 1236
18, 939
19, 739
20, 934
21, 831
22, 1236
23, 736
24, 1335
25, 537
26, 1237
27, 830
28, 1335
29, 733
30, 1334
31, 634
32, 1137
33, 739
34, 1138
35, 832
36, 1036
37, 831
38, 1132
39, 1130
40, 937
41, 1332
42, 531
43, 1238
44, 1032
45, 1238
46, 635
47, 1539
48, 439
49, 1432
50, 836
51, 1430
52, 931
53, 1335
54, 731
55, 1237
56, 939
57, 1133
58, 1031
59, 839
60, 1033
61, 635
62, 1733
63, 733
64, 1736
65, 539
66, 1536
67, 533
68, 1632
69, 533
70, 1731
71, 436
72, 1436
73, 534
74, 1634
75, 731
76, 1532
77, 734
78, 1036
79, 1132
80, 838
81, 1635
82, 731
83, 1436
84, 630
85, 1737
86, 638
87, 1931
88, 439
89, 1435
90, 532
91, 1838
92, 536
93, 1735
94, 830
95, 1334
96, 636
97, 1435
98, 938
99, 1135
100, 839
101, 839
102, 832
103, 1134
104, 1331
105, 1536
106, 936
107, 930
108, 1530
109, 1533
110, 1535
111, 1037
112, 1537
113, 1238
114, 1638
115, 1036
116, 1430
117, 1336
118, 1631
119, 1437
120, 1833
121, 1530
122, 1539
123, 1539
124, 1631
125, 1533
126, 1533
127, 933
128, 934
129, 1532
130, 835
131, 937
132, 738
133, 1039
134, 934
135, 1033
136, 734
137, 1533
138, 839
139, 1035
140, 1134
141, 1431
142, 1335
143, 1532
144, 1439
145, 1530
146, 1333
147, 1138
148, 1036
149, 1034
150, 1431
151, 1038
152, 1236
153, 836
154, 1631
155, 1030
156, 1138
157, 936
158, 1039
159, 937
160, 639
161, 1833
162, 733
163, 1730
164, 636
165, 1336
166, 533
167, 1832
168, 632
169, 1633
170, 632
171, 1235
172, 630
173, 1830
174, 634
175, 1434
176, 838
177, 1035
178, 930
179, 833
180, 1239
181, 733
182, 1333
183, 536
184, 1430
185, 834
186, 1632
187, 632
188, 1233
189, 535
190, 1237
191, 538
192, 1535
193, 734
194, 1139
195, 734
196, 1238
197, 735
198, 1134
199, 1234
200, 632
201, 1337
202, 1236
203, 1437
204, 638
205, 1731
206, 531
207, 1435
208, 1235
209, 1430
210, 730
211, 1532
212, 634
213, 1334
214, 738
215, 1239
216, 931
217, 937
218, 1032
219, 738
220, 1338
221, 735
222, 1634
223, 437
224, 1530
225, 730
226, 1635
227, 638
228, 1630
229, 533
230, 1431
231, 730
232, 1334
233, 832
234, 1436
235, 639
236, 1137
237, 1133
238, 937
239, 1331
240, 736
241, 1330
242, 539
243, 1732
244, 638
245, 1736
246, 632
247, 1437
248, 531
249, 1639
250, 537
251, 1537
252, 732
253, 1332
254, 538
255, 1231
256, 739
257, 1234
258, 1033
259, 735
260, 1233
261, 835
262, 1533
263, 637
264, 1534
265, 535
266, 1434
267, 635
268, 1738
269, 631
270, 1434
271, 631
272, 1737
273, 532
274, 1636
275, 836
276, 1037
277, 839
278, 1131
279, 1230
280, 934
281, 1731
282, 534
283, 1032
284, 734
285, 935
286, 1136
287, 1535
288, 638
289, 1036
290, 930
291, 1531
292, 1332
293, 1234
294, 1431
295, 1238
296, 1233
297, 1430
298, 831
299, 1339
300, 1134
301, 1236
302, 1332
303, 1439
304, 1137
305, 939
306, 1530
307, 1238
308, 1730
309, 1336
310, 1434
311, 1137
312, 1032
313, 838
314, 1833
315, 835
316, 1630
317, 1430
318, 1030
319, 734
320, 836
321, 1532
322, 1436
323, 1433
324, 833
325, 1037
326, 1536
327, 1539
328, 1631
329, 1639
330, 1431
331, 1133
332, 839
333, 1032
334, 735
335, 1031
336, 732
337, 1838
338, 1134
339, 933
340, 1330
341, 630
342, 1335
343, 731
344, 1730
345, 634
346, 1431
347, 533
348, 1935
349, 631
350, 1537
351, 736
352, 1332
353, 635
354, 1835
355, 637
356, 1334
357, 1031
358, 830
359, 1133
360, 839
361, 1432
362, 733
363, 1537
364, 533
365, 1432
366, 1038
367, 1536
368, 636
369, 1434
370, 538
371, 1335
372, 1036
373, 1338
374, 830
375, 1039
376, 831
377, 1032
378, 1131
379, 1036
380, 1439
381, 531
382, 1435
383, 639
384, 1436
385, 731
386, 1638
387, 439
388, 1439
389, 539
390, 1432
391, 639
392, 1534
393, 536
394, 1331
395, 839
396, 1137
397, 1031
398, 939
399, 1033
400, 636
401, 1439
402, 733
403, 1637
404, 537
405, 1439
406, 532
407, 1630
408, 532
409, 1631
410, 634
411, 1335
412, 535
413, 1536
414, 634
415, 1437
416, 735
417, 1039
418, 931
419, 1033
420, 1438
421, 731
422, 1337
423, 538
424, 1838
425, 637
426, 1734
427, 630
428, 1337
429, 535
430, 1932
431, 539
432, 1537
433, 734
434, 1231
435, 634
436, 1339
437, 834
438, 1134
439, 1338
440, 633
441, 1333
442, 1138
443, 1532
444, 638
445, 1639
446, 535
447, 1437
448, 639
449, 1533
450, 638
451, 1235
452, 633
453, 1337
454, 733
455, 1437
456, 931
457, 1034
458, 1031
459, 1334
460, 1133
461, 839
462, 1539
463, 531
464, 1532
465, 1131
466, 1433
467, 634
468, 1635
469, 439
470, 1436
471, 1139
472, 1431
473, 732
474, 1437
475, 631
476, 1230
477, 1239
478, 1130
479, 1238
480, 832
481, 1437
482, 633
483, 1138
484, 1032
485, 1338
486, 1137
487, 1332
488, 1132
489, 1130
490, 1433
491, 1538
492, 1336
493, 1332
494, 1034
495, 1338
496, 1033
497, 1334
498, 931
499, 1537
500, 1038
501, 1533
502, 1230
503, 1734
504, 1136
505, 1636
506, 1832
507, 1530
508, 1536
509, 1632
510, 1631
511, 1534
512, 1436
513, 1431
514, 1034
515, 830
516, 938
517, 735
518, 1130
519, 830
520, 933
521, 931
522, 1334
523, 832
524, 734
525, 935
526, 1339
527, 1332
528, 836
529, 1033
530, 1433
531, 1534
532, 1339
533, 938
534, 736
535, 1036
536, 732
537, 1636
538, 1537
539, 1630
540, 1039
541, 839
542, 836
543, 1031
544, 838
545, 836
546, 930
547, 1034
548, 1031
549, 1038
550, 1739
551, 438
552, 1430
553, 638
554, 1337
555, 735
556, 1338
557, 830
558, 1037
559, 1134
560, 933
561, 1339
562, 530
563, 1339
564, 538
565, 1636
566, 735
567, 1731
568, 436
569, 1439
570, 637
571, 1335
572, 734
573, 1534
574, 538
575, 1337
576, 838
577, 1230
578, 936
579, 1135
580, 1031
581, 735
582, 1238
583, 735
584, 1731
585, 635
586, 1337
587, 534
588, 1437
589, 633
590, 1730
591, 530
592, 1336
593, 536
594, 1437
595, 631
596, 1534
597, 738
598, 1136
599, 737
600, 1031
601, 1137
602, 738
603, 1331
604, 539
605, 1439
606, 838
607, 1737
608, 632
609, 1439
610, 531
611, 1538
612, 539
613, 1637
614, 733
615, 1332
616, 635
617, 1432
618, 734
619, 1339
620, 1130
621, 735
622, 1233
623, 831
624, 1437
625, 732
626, 1735
627, 534
628, 1438
629, 1034
630, 1538
631, 634
632, 1533
633, 637
634, 1237
635, 736
636, 1237
637, 831
638, 1231
639, 830
640, 1035
641, 1038
642, 933
643, 1537
644, 531
645, 1531
646, 631
647, 1535
648, 635
649, 1736
650, 530
651, 1631
652, 830
653, 1531
654, 730
655, 1331
656, 732
657, 1436
658, 1535
659, 1533
660, 737
661, 1634
662, 934
663, 1434
664, 1339
665, 1238
666, 1136
667, 1438
668, 1337
669, 1131
670, 1235
671, 1437
672, 1535
673, 1530
674, 1532
675, 1533
676, 1631
677, 1532
678, 1538
679, 1334
680, 1538
681, 1431
682, 1534
683, 1438
684, 1535
685, 1436
686, 1532
687, 1533
688, 1435
689, 1437
690, 837
691, 837
692, 1534
693, 1536
694, 1437
695, 1534
696, 839
697, 1137
698, 730
699, 1539
700, 734
701, 1530
702, 1134
703, 830
704, 1134
705, 1236
706, 1432
707, 730
708, 1533
709, 534
710, 1434
711, 831
712, 1534
713, 636
714, 1331
715, 632
716, 1333
717, 734
718, 1434
719, 737
720, 1134
721, 830
722, 1338
723, 932
724, 1038
725, 1436
726, 532
727, 1435
728, 838
729, 1531
730, 637
731, 1732
732, 530
733, 1531
734, 839
735, 1530
736, 734
737, 1538
738, 632
739, 1336
740, 731
741, 1235
742, 935
743, 1137
744, 1039
745, 737
746, 1239
747, 736
748, 1732
749, 539
750, 1535
751, 534
752, 1736
753, 533
754, 1731
755, 439
756, 1436
757, 537
758, 1431
759, 735
760, 1539
761, 630
762, 1234
763, 1031
764, 1033
765, 1236
766, 838
767, 1335
768, 634
769, 1837
770, 731
771, 1836
772, 538
773, 1434
774, 530
775, 1834
776, 530
777, 1538
778, 732
779, 936
780, 830
781, 1530
782, 1339
783, 1234
784, 1431
785, 1633
786, 1339
787, 1437
788, 1535
789, 1634
790, 1631
791, 1135
792, 1633
793, 1636
794, 1639
795, 1734
796, 1730
797, 1633
798, 1737
799, 1534
800, 1537
801, 1432
802, 1032
803, 836
804, 1835
805, 738
806, 1034
807, 837
808, 1533
809, 1437
810, 838
811, 730
812, 734
813, 835
814, 835
815, 1533
816, 1437
817, 1539
818, 1538
819, 1631
820, 1538
821, 1537
822, 1636
823, 1338
824, 934
825, 1832
826, 1033
827, 934
828, 1032
829, 830
830, 1635
831, 438
832, 1531
833, 534
834, 1733
835, 636
836, 1732
837, 438
838, 1436
839, 836
840, 1339
841, 734
842, 1536
843, 536
844, 1332
845, 1130
846, 1133
847, 1039
848, 936
849, 1232
850, 635
851, 1439
852, 732
853, 1737
854, 633
855, 1431
856, 533
857, 1337
858, 537
859, 1730
860, 636
861, 1431
862, 536
863, 1932
864, 632
865, 1535
866, 736
867, 1133
868, 837
869, 1130
870, 1237
871, 734
872, 1435
873, 538
874, 1435
875, 837
876, 1735
877, 631
878, 1532
879, 531
880, 1834
881, 539
882, 1630
883, 733
884, 1335
885, 635
886, 1735
887, 732
888, 1430
889, 1134
890, 738
891, 1235
892, 938
893, 1532
894, 731
895, 1737
896, 534
897, 1534
898, 637
899, 1635
900, 633
901, 1635
902, 536
903, 1433
904, 1032
905, 1433
906, 735
907, 1235
908, 830
909, 1134
910, 1035
911, 1035
912, 834
913, 1330
914, 836
915, 1537
916, 1430
917, 1439
918, 1134
919, 1437
920, 1535
921, 1335
922, 1536
923, 1630
924, 1333
925, 1533
926, 1634
927, 1635
928, 1734
929, 1632
930, 1732
931, 1535
932, 1634
933, 1639
934, 1533
935, 1535
936, 1535
937, 1136
938, 930
939, 932
940, 1538
941, 1436
942, 834
943, 835
944, 736
945, 834
946, 733
947, 932
948, 633
949, 931
950, 635
951, 837
952, 738
953, 939
954, 1435
955, 1438
956, 1133
957, 735
958, 1035
959, 1534
960, 1538
961, 1630
962, 1437
963, 1530
964, 939
965, 831
966, 1631
967, 1032
968, 2631
969, 635
970, 1635
971, 931
972, 1133
973, 835
974, 1339
975, 1232
976, 736
977, 1431
978, 536
979, 1432
980, 1234
981, 1536
982, 633
983, 1436
984, 532
985, 1432
986, 738
987, 1433
988, 733
989, 1235
990, 633
991, 1235
992, 635
993, 1431
994, 1038
995, 831
996, 1137
997, 1036
998, 1432
999, 738
1000, 1735
1001, 531
1002, 1632
1003, 930
1004, 1633
1005, 636
1006, 1634
1007, 532
1008, 1435
1009, 1130
1010, 1431
1011, 734
1012, 1430
1013, 736
1014, 1136
1015, 1331
1016, 1033
1017, 1335
1018, 730
1019, 1434
1020, 631
1021, 1832
1022, 637
1023, 1835
1024, 437
1025, 1538
1026, 530
1027, 1535
1028, 632
1029, 1633
1030, 438
1031, 1431
1032, 632
1033, 1338
1034, 836
1035, 1330
1036, 930
1037, 932
1038, 1037
1039, 831
1040, 1635
1041, 636
1042, 1430
1043, 537
1044, 1834
1045, 637
1046, 1236
1047, 837
1048, 1030
1049, 834
1050, 1530
1051, 1237
1052, 1130
1053, 1431
1054, 1431
1055, 1338
1056, 1836
1057, 1330
1058, 1239
1059, 1336
1060, 1330
1061, 1532
1062, 1239
1063, 1633
1064, 1136
1065, 1330
1066, 1634
1067, 1634
1068, 1635
1069, 1734
1070, 1637
1071, 1634
1072, 1539
1073, 1532
1074, 1433
1075, 1438
1076, 35
1077, 633
1078, 1336
1079, 1337
1080, 230
1081, 30
1082, 30
1083, 30
1084, 30
1085, 30
1086, 30
1087, 35
1088, 30
1089, 30
1090, 30
1091, 1334
1092, 1537
1093, 1437
1094, 936
1095, 1131
1096, 1634
1097, 1536
1098, 1636
1099, 1137
1100, 1432
1101, 934
1102, 1631
1103, 1237
1104, 1539
1105, 1933
1106, 436
1107, 1634
1108, 1033
1109, 1338
1110, 636
1111, 1537
1112, 537
1113, 1339
1114, 1137
1115, 1236
1116, 737
1117, 1434
1118, 635
1119, 1134
1120, 938
1121, 937
1122, 1239
1123, 731
1124, 1233
1125, 538
1126, 1832
1127, 637
1128, 1731
1129, 536
1130, 1432
1131, 532
1132, 1638
1133, 535
1134, 1534
1135, 630
1136, 1336
1137, 535
1138, 1438
1139, 931
1140, 1330
1141, 837
1142, 839
1143, 1232
1144, 934
1145, 1536
1146, 639
1147, 1431
1148, 535
1149, 1430
1150, 636
1151, 1730
1152, 635
1153, 1336
1154, 539
1155, 1733
1156, 634
1157, 1438
1158, 738
1159, 1131
1160, 731
1161, 1630
1162, 836
1163, 1035
1164, 1139
1165, 636
1166, 1139
1167, 1235
1168, 1338
1169, 730
1170, 1437
1171, 534
1172, 1330
1173, 632
1174, 1339
1175, 732
1176, 1135
1177, 636
1178, 1139
1179, 736
1180, 1137
1181, 839
1182, 1030
1183, 836
1184, 1030
1185, 936
1186, 838
1187, 1339
1188, 532
1189, 1239
1190, 1130
1191, 1239
1192, 634
1193, 1533
1194, 439
1195, 1336
1196, 631
1197, 1430
1198, 731
1199, 1530
1200, 532
1201, 1139
1202, 831
1203, 1138
1204, 935
1205, 939
1206, 1136
1207, 733
1208, 1734
1209, 737
1210, 1830
1211, 632
1212, 1638
1213, 1335
1214, 739
1215, 735
1216, 1530
1217, 930
1218, 1535
1219, 1435
1220, 1031
1221, 832
1222, 1333
1223, 1337
1224, 1134
1225, 1037
1226, 1437
1227, 1339
1228, 1436
1229, 1630
1230, 1337
1231, 1536
1232, 1636
1233, 1634
1234, 1636
1235, 1536
1236, 1533
1237, 1733
1238, 1438
1239, 1439
1240, 1336
1241, 32
1242, 38
1243, 31
1244, 30
1245, 30
1246, 30
1247, 30
1248, 30
1249, 30
1250, 30
1251, 30
1252, 36
1253, 30
1254, 30
1255, 31
1256, 30
1257, 31
1258, 1535
1259, 1439
1260, 1538
1261, 933
1262, 1636
1263, 1431
1264, 1634
1265, 833
1266, 2234
1267, 931
1268, 1138
1269, 1337
1270, 532
1271, 1239
1272, 1237
1273, 1332
1274, 636
1275, 1632
1276, 439
1277, 1437
1278, 939
1279, 1434
1280, 730
1281, 1535
1282, 533
1283, 1331
1284, 1038
1285, 1236
1286, 930
1287, 1133
1288, 933
1289, 837
1290, 1736
1291, 738
1292, 1535
1293, 532
1294, 1433
1295, 535
1296, 1536
1297, 538
1298, 1639
1299, 439
1300, 1432
1301, 531
1302, 1536
1303, 635
1304, 1532
1305, 536
1306, 1237
1307, 634
1308, 1134
1309, 938
1310, 1031
1311, 1130
1312, 635
1313, 1638
1314, 732
1315, 1638
1316, 634
1317, 1530
1318, 533
1319, 1433
1320, 634
1321, 1633
1322, 637
1323, 1332
1324, 634
1325, 1530
1326, 633
1327, 1533
1328, 733
1329, 1036
1330, 738
1331, 1135
1332, 1133
1333, 832
1334, 1433
1335, 537
1336, 1337
1337, 931
1338, 1532
1339, 635
1340, 1331
1341, 532
1342, 1336
1343, 830
1344, 1532
1345, 734
1346, 1231
1347, 637
1348, 1332
1349, 633
1350, 1336
1351, 938
1352, 835
1353, 1039
1354, 833
1355, 1331
1356, 830
1357, 1630
1358, 530
1359, 1533
1360, 1230
1361, 1531
1362, 636
1363, 1539
1364, 438
1365, 1334
1366, 930
1367, 1433
1368, 734
1369, 1338
1370, 735
1371, 1135
1372, 1237
1373, 1031
1374, 1238
1375, 733
1376, 1335
1377, 631
1378, 1632
1379, 638
1380, 1733
1381, 436
1382, 1532
1383, 831
1384, 1631
1385, 638
1386, 1536
1387, 537
1388, 1338
1389, 636
1390, 1238
1391, 833
1392, 1330
1393, 834
1394, 933
1395, 1435
1396, 835
1397, 1630
1398, 730
1399, 1339
1400, 538
1401, 1632
1402, 637
1403, 1837
1404, 830
1405, 1436
1406, 1331
1407, 1331
1408, 838
1409, 1334
1410, 1434
1411, 1238
1412, 1037
1413, 1439
1414, 739
1415, 1638
1416, 837
1417, 1632
1418, 1136
1419, 1438
1420, 1234
1421, 1334
1422, 1331
1423, 1239
1424, 1339
1425, 1236
1426, 835
1427, 937
1428, 1138
1429, 931
1430, 1535
1431, 1038
1432, 1531
1433, 830
1434, 1438
1435, 738
1436, 1732
1437, 938
1438, 1539
1439, 1235
1440, 1436
1441, 1239
1442, 1436
1443, 1239
1444, 1130
1445, 1333
1446, 630
1447, 1439
1448, 1130
1449, 1435
1450, 734
1451, 1434
1452, 635
1453, 1237
1454, 830
1455, 1137
1456, 935
1457, 837
1458, 1037
1459, 635
1460, 1439
1461, 833
1462, 1633
1463, 530
1464, 1439
1465, 731
1466, 1338
1467, 634
1468, 1630
1469, 437
1470, 1337
1471, 733
1472, 1334
1473, 735
1474, 1434
1475, 638
1476, 1137
1477, 1030
1478, 1030
1479, 1231
1480, 832
1481, 1334
1482, 630
1483, 1832
1484, 731
1485, 1735
1486, 535
1487, 1438
1488, 530
1489, 1635
1490, 532
1491, 1539
1492, 639
1493, 1336
1494, 534
1495, 1532
1496, 730
1497, 1337
1498, 832
1499, 938
1500, 937
1501, 831
1502, 1632
1503, 732
1504, 1430
1505, 538
1506, 1837
1507, 635
1508, 1731
1509, 632
1510, 1331
1511, 534
1512, 1430
1513, 533
1514, 1536
1515, 730
1516, 1235
1517, 730
1518, 1436
1519, 832
1520, 1139
1521, 1037
1522, 731
1523, 1136
1524, 839
1525, 1331
1526, 732
1527, 1436
1528, 636
1529, 1331
1530, 734
1531, 1336
1532, 636
1533, 1333
1534, 636
1535, 1237
1536, 735
1537, 1236
1538, 739
1539, 1038
1540, 739
1541, 1232
1542, 935
1543, 839
1544, 1235
1545, 730
1546, 1139
1547, 833
1548, 1233
1549, 834
1550, 1337
1551, 637
1552, 1237
1553, 737
1554, 1238
1555, 739
1556, 1337
1557, 634
1558, 1236
1559, 734
1560, 1138
1561, 930
1562, 1137
1563, 933
1564, 935
1565, 1038
1566, 1038
1567, 1438
1568, 1131
1569, 1530
1570, 1530
1571, 938
1572, 1335
1573, 1535
1574, 1137
1575, 1531
1576, 1532
1577, 1133
1578, 1534
1579, 1331
1580, 1431
1581, 1637
1582, 1533
1583, 1732
1584, 1633
1585, 1637
1586, 1537
1587, 1630
1588, 1437
1589, 1438
1590, 1437
1591, 1432
1592, 1430
1593, 1430
1594, 838
1595, 634
1596, 839
1597, 1435
1598, 1538
1599, 1632
1600, 1831
1601, 838
1602, 1637
1603, 1437
1604, 1635
1605, 1339
1606, 931
1607, 836
1608, 1130
1609, 1538
1610, 537
1611, 1438
1612, 834
1613, 1633
1614, 630
1615, 1336
1616, 536
1617, 1839
1618, 738
1619, 1530
1620, 734
1621, 1236
1622, 638
1623, 1633
1624, 730
1625, 1238
1626, 1137
1627, 737
1628, 1238
1629, 838
1630, 1433
1631, 732
1632, 1632
1633, 531
1634, 1436
1635, 838
1636, 1438
1637, 635
1638, 1535
1639, 630
1640, 1335
1641, 831
1642, 1335
1643, 739
1644, 1238
1645, 832
1646, 1036
1647, 1036
1648, 932
1649, 1438
1650, 531
1651, 1434
1652, 535
1653, 1639
1654, 638
1655, 1734
1656, 438
1657, 1532
1658, 836
1659, 1338
1660, 636
1661, 1539
1662, 539
1663, 1338
1664, 736
1665, 1234
1666, 935
1667, 1138
1668, 1031
1669, 830
1670, 1336
1671, 736
1672, 1635
1673, 635
1674, 1337
1675, 535
1676, 1832
1677, 633
1678, 1735
1679, 539
1680, 1431
1681, 533
1682, 1638
1683, 630
1684, 1632
1685, 730
1686, 1235
1687, 639
1688, 1231
1689, 1032
1690, 934
1691, 1238
1692, 631
1693, 1336
1694, 731
1695, 1733
1696, 633
1697, 1337
1698, 532
1699, 1632
1700, 633
1701, 1738
1702, 639
1703, 1433
1704, 632
1705, 1538
1706, 533
1707, 1330
1708, 834
1709, 1238
1710, 1238
1711, 1536
1712, 1331
1713, 1432
1714, 1431
1715, 1533
1716, 1433
1717, 1435
1718, 1030
1719, 1631
1720, 1538
1721, 1731
1722, 1637
1723, 1737
1724, 1730
1725, 1633
1726, 1439
1727, 1037
1728, 1734
1729, 931
1730, 1636
1731, 738
1732, 1338
1733, 1130
1734, 1433
1735, 1033
1736, 1037
1737, 935
1738, 1030
1739, 939
1740, 1039
1741, 1335
1742, 1235
1743, 1431
1744, 936
1745, 1537
1746, 1137
1747, 1639
1748, 1033
1749, 1932
1750, 833
1751, 1334
1752, 934
1753, 1032
1754, 1036
1755, 837
1756, 1038
1757, 739
1758, 1332
1759, 733
1760, 1331
1761, 737
1762, 1232
1763, 732
1764, 1437
1765, 731
1766, 1330
1767, 639
1768, 1234
1769, 730
1770, 1336
1771, 834
1772, 1236
1773, 831
1774, 939
1775, 1137
1776, 833
1777, 1237
1778, 836
1779, 1136
1780, 732
1781, 1534
1782, 635
1783, 1430
1784, 736
1785, 1232
1786, 638
1787, 1434
1788, 638
1789, 1333
1790, 830
1791, 1136
1792, 732
1793, 1330
1794, 831
1795, 1037
1796, 1031
1797, 833
1798, 1130
1799, 832
1800, 1231
1801, 834
1802, 1237
1803, 736
1804, 1137
1805, 836
1806, 1232
1807, 839
1808, 1236
1809, 836
1810, 1434
1811, 839
1812, 1539
1813, 834
1814, 1439
1815, 739
1816, 1237
1817, 934
1818, 1033
1819, 1135
1820, 835
1821, 1132
1822, 936
1823, 1136
1824, 838
1825, 1238
1826, 638
1827, 1137
1828, 737
1829, 1135
1830, 831
1831, 1237
1832, 539
1833, 1134
1834, 833
1835, 1036
1836, 838
1837, 934
1838, 933
1839, 830
1840, 1239
1841, 633
1842, 1335
1843, 530
1844, 1334
1845, 534
1846, 1338
1847, 537
1848, 1532
1849, 537
1850, 1237
1851, 537
1852, 1233
1853, 739
1854, 1338
1855, 730
1856, 1132
1857, 930
1858, 839
1859, 1137
1860, 834
1861, 1134
1862, 539
1863, 1734
1864, 638
1865, 1537
1866, 635
1867, 1333
1868, 538
1869, 1634
1870, 631
1871, 1532
1872, 738
1873, 1136
1874, 633
1875, 1532
1876, 734
1877, 1235
1878, 833
1879, 839
1880, 932
