1, 936
2, 936
3, 739
4, 930
5, 1032
6, 1038
7, 931
8, 830
9, 934
10, 936
11, 1130
12, 738
13, 1337
14, 735
15, 1139
16, 739
17, 1031
18, 1239
19, 1030
20, 938
21, 933
22, 831
23, 1238
24, 838
25, 1130
26, 830
27, 836
28, 1433
29, 831
30, 1134
31, 732
32, 1032
33, 735
34, 1235
35, 933
36, 838
37, 734
38, 1135
39, 933
40, 1134
41, 739
42, 932
43, 738
44, 1131
45, 939
46, 837
47, 838
48, 738
49, 1137
50, 935
51, 939
52, 1230
53, 935
54, 932
55, 933
56, 830
57, 1235
58, 832
59, 1135
60, 734
61, 938
62, 1038
63, 936
64, 1032
65, 837
66, 932
67, 1133
68, 1037
69, 1030
70, 1033
71, 930
72, 1130
73, 931
74, 1038
75, 839
76, 1036
77, 934
78, 1038
79, 932
80, 936
81, 839
82, 1038
83, 935
84, 1036
85, 839
86, 939
87, 1031
88, 930
89, 1037
90, 839
91, 1134
92, 838
93, 1133
94, 837
95, 1038
96, 930
97, 1037
98, 931
99, 1035
100, 839
101, 1036
102, 931
103, 1034
104, 832
105, 933
106, 1231
107, 833
108, 1136
109, 738
110, 1030
111, 932
112, 1139
113, 934
114, 839
115, 832
116, 1338
117, 1035
118, 1134
119, 931
120, 1136
121, 837
122, 1139
123, 1031
124, 936
125, 932
126, 934
127, 839
128, 933
129, 1038
130, 933
131, 936
132, 937
133, 1131
134, 835
135, 1639
136, 436
137, 1030
138, 733
139, 1030
140, 839
141, 1030
142, 938
143, 930
144, 931
145, 1033
146, 939
147, 1030
148, 930
149, 833
150, 1030
151, 1030
152, 1136
153, 735
154, 933
155, 936
156, 1038
157, 936
158, 835
159, 735
160, 933
161, 1031
162, 1037
163, 836
164, 834
165, 838
166, 935
167, 1134
168, 830
169, 1230
170, 735
171, 1136
172, 930
173, 937
174, 937
175, 939
176, 1030
177, 838
178, 832
179, 1136
180, 836
181, 1131
182, 736
183, 839
184, 1239
185, 836
186, 1134
187, 733
188, 938
189, 1033
190, 1031
191, 934
192, 939
193, 737
194, 1135
195, 936
196, 1135
197, 731
198, 933
199, 736
200, 1132
201, 1030
202, 932
203, 837
204, 831
205, 1131
206, 934
207, 937
208, 935
209, 936
210, 937
211, 1134
212, 831
213, 1232
214, 834
215, 1137
216, 735
217, 938
218, 1334
219, 937
220, 939
221, 835
222, 838
223, 1133
224, 936
225, 1031
226, 931
227, 833
228, 1330
229, 936
230, 1135
231, 830
232, 932
233, 1038
234, 1036
235, 938
236, 936
237, 836
238, 1033
239, 839
240, 1039
241, 839
242, 937
243, 936
244, 939
245, 1031
246, 933
247, 935
248, 839
249, 1436
250, 1436
251, 1530
252, 1631
253, 1138
254, 937
255, 1236
256, 1432
257, 1231
258, 1337
259, 1435
260, 838
261, 1036
262, 1438
263, 1436
264, 33
265, 30
266, 30
267, 31
268, 30
269, 30
270, 31
271, 435
272, 935
273, 935
274, 1131
275, 731
276, 930
277, 738
278, 1136
279, 939
280, 931
281, 834
282, 835
283, 1130
284, 934
285, 936
286, 737
287, 935
288, 937
289, 1037
290, 831
291, 1430
292, 738
293, 1133
294, 738
295, 938
296, 1438
297, 936
298, 939
299, 835
300, 836
301, 1131
302, 935
303, 939
304, 834
305, 833
306, 1434
307, 831
308, 1134
309, 737
310, 935
311, 936
312, 1136
313, 936
314, 836
315, 736
316, 1135
317, 932
318, 1130
319, 835
320, 836
321, 835
322, 1031
323, 1039
324, 833
325, 931
326, 739
327, 1137
328, 935
329, 939
330, 934
331, 939
332, 1030
333, 838
334, 834
335, 1435
336, 833
337, 1134
338, 832
339, 934
340, 1032
341, 930
342, 1134
343, 733
344, 936
345, 1339
346, 939
347, 1030
348, 838
349, 738
350, 1131
351, 939
352, 1134
353, 731
354, 839
355, 831
356, 1134
357, 937
358, 931
359, 833
360, 835
361, 1132
362, 939
363, 936
364, 738
365, 933
366, 938
367, 1034
368, 738
369, 1337
370, 738
371, 1135
372, 736
373, 938
374, 1230
375, 939
376, 939
377, 930
378, 835
379, 1331
380, 933
381, 1034
382, 933
383, 832
384, 1339
385, 838
386, 1136
387, 739
388, 935
389, 937
390, 1132
391, 934
392, 839
393, 736
394, 931
395, 939
396, 1132
397, 834
398, 837
399, 836
400, 1035
401, 1036
402, 830
403, 933
404, 738
405, 1136
406, 736
407, 937
408, 1033
409, 939
410, 937
411, 839
412, 834
413, 1436
414, 833
415, 1134
416, 735
417, 934
418, 937
419, 933
420, 1130
421, 738
422, 935
423, 1330
424, 1131
425, 936
426, 835
427, 737
428, 1133
429, 938
430, 1131
431, 831
432, 932
433, 736
434, 1135
435, 937
436, 935
437, 739
438, 839
439, 1036
440, 1030
441, 933
442, 1233
443, 931
444, 939
445, 931
446, 739
447, 1137
448, 835
449, 1136
450, 733
451, 937
452, 1030
453, 1031
454, 1030
455, 930
456, 837
457, 1334
458, 933
459, 1035
460, 838
461, 739
462, 1039
463, 938
464, 1132
465, 730
466, 933
467, 930
468, 1134
469, 839
470, 931
471, 738
472, 935
473, 939
474, 1133
475, 833
476, 839
477, 831
478, 1037
479, 1038
480, 831
481, 1131
482, 1231
483, 1332
484, 1138
485, 932
486, 1036
487, 1337
488, 1431
489, 1338
490, 1136
491, 1034
492, 837
493, 1438
494, 1432
495, 1439
496, 1438
497, 1035
498, 833
499, 739
500, 738
501, 737
502, 830
503, 736
504, 732
505, 733
506, 732
507, 739
508, 836
509, 836
510, 1630
511, 1235
512, 1233
513, 836
514, 1033
515, 836
516, 1033
517, 930
518, 936
519, 1031
520, 933
521, 1030
522, 931
523, 1034
524, 930
525, 1033
526, 938
527, 1033
528, 733
529, 936
530, 1033
531, 933
532, 939
533, 839
534, 834
535, 1231
536, 934
537, 1038
538, 833
539, 832
540, 1130
541, 935
542, 1130
543, 732
544, 933
545, 737
546, 1136
547, 933
548, 937
549, 736
550, 934
551, 937
552, 1133
553, 832
554, 1230
555, 738
556, 1039
557, 934
558, 838
559, 1335
560, 835
561, 1130
562, 735
563, 938
564, 1034
565, 1034
566, 935
567, 930
568, 832
569, 1335
570, 834
571, 1130
572, 930
573, 1030
574, 834
575, 1034
576, 939
577, 938
578, 937
579, 1035
580, 938
581, 937
582, 1033
583, 838
584, 1032
585, 930
586, 1131
587, 739
588, 933
589, 830
590, 1138
591, 939
592, 936
593, 1232
594, 931
595, 1030
596, 1036
597, 732
598, 937
599, 934
600, 1031
601, 1032
602, 1331
603, 1230
604, 1136
605, 1235
606, 1030
607, 1039
608, 932
609, 839
610, 931
611, 1339
612, 1236
613, 1435
614, 1436
615, 1233
616, 1031
617, 835
618, 831
619, 836
620, 939
621, 939
622, 1436
623, 1439
624, 1336
625, 1338
626, 1236
627, 1034
628, 1030
629, 831
630, 831
631, 733
632, 830
633, 730
634, 738
635, 738
636, 937
637, 936
638, 1131
639, 1137
640, 1036
641, 1130
642, 1038
643, 936
644, 931
645, 1038
646, 838
647, 1038
648, 933
649, 1036
650, 838
651, 1035
652, 934
653, 1037
654, 934
655, 936
656, 931
657, 938
658, 939
659, 1036
660, 835
661, 933
662, 939
663, 930
664, 1132
665, 839
666, 1036
667, 930
668, 1039
669, 930
670, 1034
671, 931
672, 1033
673, 930
674, 1035
675, 932
676, 1030
677, 938
678, 937
679, 1030
680, 931
681, 1038
682, 838
683, 1039
684, 839
685, 1038
686, 931
687, 1130
688, 930
689, 1036
690, 930
691, 1039
692, 839
693, 1038
694, 930
695, 1035
696, 936
697, 1030
698, 938
699, 639
700, 837
701, 831
702, 1133
703, 839
704, 937
705, 736
706, 936
707, 939
708, 1134
709, 830
710, 934
711, 736
712, 1135
713, 936
714, 935
715, 1131
716, 933
717, 1034
718, 835
719, 935
720, 1035
721, 1030
722, 937
723, 930
724, 831
725, 1238
726, 833
727, 1133
728, 838
729, 1038
730, 930
731, 1035
732, 932
733, 1034
734, 839
735, 1036
736, 931
737, 1034
738, 930
739, 938
740, 1035
741, 939
742, 1032
743, 834
744, 1033
745, 834
746, 831
747, 1038
748, 1336
749, 1433
750, 1338
751, 1337
752, 1330
753, 836
754, 1132
755, 935
756, 1135
757, 1338
758, 1332
759, 1439
760, 1534
761, 1331
762, 937
763, 833
764, 835
765, 835
766, 935
767, 1537
768, 1631
769, 1730
770, 1537
771, 1230
772, 836
773, 836
774, 834
775, 834
776, 831
777, 936
778, 836
779, 835
780, 1037
781, 1835
782, 1139
783, 833
784, 1036
785, 935
786, 1034
787, 937
788, 838
789, 736
790, 1134
791, 930
792, 931
793, 1030
794, 930
795, 937
796, 837
797, 836
798, 1138
799, 932
800, 938
801, 933
802, 832
803, 1234
804, 834
805, 1230
806, 735
807, 939
808, 1033
809, 1034
810, 937
811, 839
812, 831
813, 1037
814, 936
815, 1035
816, 739
817, 930
818, 937
819, 1031
820, 1031
821, 835
822, 837
823, 736
824, 1136
825, 836
826, 937
827, 735
828, 934
829, 935
830, 1038
831, 833
832, 1236
833, 931
834, 1131
835, 930
836, 1034
837, 939
838, 937
839, 936
840, 938
841, 938
842, 933
843, 838
844, 933
845, 839
846, 831
847, 1233
848, 834
849, 1137
850, 737
851, 933
852, 935
853, 1131
854, 935
855, 834
856, 738
857, 1130
858, 937
859, 935
860, 933
861, 739
862, 934
863, 937
864, 1130
865, 830
866, 936
867, 737
868, 1134
869, 936
870, 937
871, 934
872, 938
873, 932
874, 839
875, 834
876, 1037
877, 837
878, 1038
879, 833
880, 835
881, 1235
882, 834
883, 1137
884, 737
885, 1031
886, 930
887, 1034
888, 936
889, 936
890, 830
891, 1038
892, 937
893, 1132
894, 731
895, 930
896, 937
897, 1039
898, 1030
899, 835
900, 837
901, 830
902, 1137
903, 934
904, 936
905, 736
906, 935
907, 938
908, 1332
909, 1431
910, 1433
911, 1230
912, 1338
913, 1133
914, 935
915, 1036
916, 1235
917, 1431
918, 1439
919, 1133
920, 1438
921, 1038
922, 1038
923, 931
924, 932
925, 938
926, 1438
927, 1332
928, 1331
929, 1439
930, 1339
931, 1038
932, 1034
933, 1030
934, 939
935, 1034
936, 1033
937, 1133
938, 1035
939, 1333
940, 1136
941, 1131
942, 1039
943, 830
944, 939
945, 737
946, 1136
947, 836
948, 937
949, 839
950, 838
951, 935
952, 1034
953, 832
954, 1036
955, 836
956, 1131
957, 734
958, 933
959, 1036
960, 931
961, 1131
962, 735
963, 1031
964, 1231
965, 1034
966, 936
967, 937
968, 739
969, 1132
970, 936
971, 1131
972, 731
973, 1036
974, 932
975, 1034
976, 930
977, 1031
978, 931
979, 938
980, 1031
981, 933
982, 1037
983, 931
984, 1039
985, 839
986, 1130
987, 839
988, 1039
989, 838
990, 1038
991, 838
992, 1035
993, 934
994, 1035
995, 932
996, 1034
997, 932
998, 1035
999, 936
1000, 937
1001, 939
1002, 930
1003, 1036
1004, 930
1005, 1039
1006, 839
1007, 1039
1008, 931
1009, 1131
1010, 839
1011, 1039
1012, 930
1013, 1034
1014, 930
1015, 1038
1016, 839
1017, 1031
1018, 1031
1019, 1530
1020, 1532
1021, 1437
1022, 1239
1023, 1033
1024, 1030
1025, 1034
1026, 1033
1027, 1238
1028, 1237
1029, 1136
1030, 1330
1031, 1330
1032, 1135
1033, 1030
1034, 1033
1035, 1030
1036, 1038
1037, 1432
1038, 1433
1039, 1036
1040, 1139
1041, 939
1042, 936
1043, 1035
1044, 931
1045, 1037
1046, 930
1047, 1130
1048, 931
1049, 1130
1050, 1333
1051, 1037
1052, 932
1053, 1039
1054, 932
1055, 1036
1056, 839
1057, 1033
1058, 933
1059, 1034
1060, 934
1061, 1034
1062, 933
1063, 939
1064, 1037
1065, 930
1066, 1037
1067, 935
1068, 1036
1069, 931
1070, 1131
1071, 838
1072, 1036
1073, 936
1074, 738
1075, 936
1076, 1135
1077, 731
1078, 1038
1079, 733
1080, 930
1081, 1131
1082, 1032
1083, 1031
1084, 839
1085, 936
1086, 735
1087, 1137
1088, 933
1089, 935
1090, 737
1091, 1134
1092, 935
1093, 1131
1094, 730
1095, 932
1096, 935
1097, 1133
1098, 935
1099, 934
1100, 830
1101, 837
1102, 1035
1103, 938
1104, 935
1105, 738
1106, 932
1107, 937
1108, 1133
1109, 739
1110, 1230
1111, 737
1112, 1136
1113, 736
1114, 936
1115, 1036
1116, 1031
1117, 939
1118, 839
1119, 834
1120, 935
1121, 930
1122, 1037
1123, 832
1124, 834
1125, 1136
1126, 832
1127, 1135
1128, 736
1129, 938
1130, 1030
1131, 1135
1132, 935
1133, 930
1134, 734
1135, 1132
1136, 934
1137, 1130
1138, 734
1139, 1130
1140, 737
1141, 1134
1142, 935
1143, 935
1144, 1032
1145, 1035
1146, 1030
1147, 930
1148, 1039
1149, 931
1150, 1037
1151, 839
1152, 1038
1153, 839
1154, 1038
1155, 934
1156, 1038
1157, 838
1158, 1038
1159, 930
1160, 1037
1161, 933
1162, 1030
1163, 933
1164, 936
1165, 938
1166, 932
1167, 1031
1168, 931
1169, 1135
1170, 932
1171, 1036
1172, 937
1173, 934
1174, 1230
1175, 1331
1176, 1035
1177, 1037
1178, 937
1179, 1037
1180, 1133
1181, 1331
1182, 937
1183, 1130
1184, 1133
1185, 1037
1186, 1035
1187, 1033
1188, 1037
1189, 933
1190, 1130
1191, 839
1192, 1131
1193, 838
1194, 1038
1195, 839
1196, 1037
1197, 931
1198, 1131
1199, 938
1200, 1130
1201, 1032
1202, 1136
1203, 935
1204, 935
1205, 1030
1206, 639
1207, 1035
1208, 934
1209, 938
1210, 935
1211, 933
1212, 835
1213, 1131
1214, 732
1215, 1131
1216, 931
1217, 1031
1218, 1033
1219, 938
1220, 932
1221, 835
1222, 830
1223, 1032
1224, 1038
1225, 936
1226, 838
1227, 737
1228, 931
1229, 936
1230, 1134
1231, 831
1232, 933
1233, 735
1234, 1135
1235, 938
1236, 936
1237, 734
1238, 935
1239, 935
1240, 1037
1241, 832
1242, 1430
1243, 836
1244, 1038
1245, 831
1246, 837
1247, 1035
1248, 836
1249, 1131
1250, 737
1251, 939
1252, 1034
1253, 1031
1254, 935
1255, 932
1256, 831
1257, 1332
1258, 833
1259, 1133
1260, 830
1261, 934
1262, 935
1263, 1132
1264, 938
1265, 830
1266, 834
1267, 938
1268, 1132
1269, 935
1270, 839
1271, 735
1272, 935
1273, 936
1274, 1134
1275, 830
1276, 934
1277, 737
1278, 1135
1279, 938
1280, 1035
1281, 932
1282, 1035
1283, 930
1284, 1037
1285, 838
1286, 1030
1287, 938
1288, 931
1289, 1032
1290, 932
1291, 1034
1292, 934
1293, 1035
1294, 1033
1295, 1332
1296, 1232
1297, 1336
1298, 1338
1299, 1431
1300, 838
1301, 1038
1302, 1134
1303, 1431
1304, 1536
1305, 1537
1306, 1130
1307, 1534
1308, 939
1309, 1030
1310, 1034
1311, 938
1312, 1033
1313, 1338
1314, 1535
1315, 1535
1316, 1433
1317, 1430
1318, 1130
1319, 1033
1320, 1035
1321, 1030
1322, 1134
1323, 1039
1324, 1135
1325, 1337
1326, 1134
1327, 1232
1328, 938
1329, 1032
1330, 938
1331, 1038
1332, 839
1333, 1039
1334, 839
1335, 1130
1336, 839
1337, 1131
1338, 839
1339, 1037
1340, 1037
1341, 1034
1342, 839
1343, 1038
1344, 839
1345, 1136
1346, 930
1347, 1034
1348, 836
1349, 931
1350, 1031
1351, 933
1352, 1035
1353, 834
1354, 935
1355, 932
1356, 1036
1357, 934
1358, 933
1359, 830
1360, 1034
1361, 935
1362, 1032
1363, 738
1364, 932
1365, 830
1366, 1131
1367, 938
1368, 837
1369, 837
1370, 737
1371, 1133
1372, 932
1373, 939
1374, 1030
1375, 933
1376, 934
1377, 1033
1378, 834
1379, 1131
1380, 736
1381, 1134
1382, 735
1383, 938
1384, 838
1385, 1030
1386, 938
1387, 836
1388, 839
1389, 1338
1390, 936
1391, 938
1392, 839
1393, 830
1394, 1231
1395, 838
1396, 1130
1397, 739
1398, 936
1399, 933
1400, 1134
1401, 935
1402, 837
1403, 736
1404, 1132
1405, 936
1406, 1037
1407, 835
1408, 837
1409, 836
1410, 1031
1411, 1036
1412, 831
1413, 932
1414, 737
1415, 1138
1416, 931
1417, 938
1418, 1136
1419, 933
1420, 937
1421, 1030
1422, 1336
1423, 1139
1424, 1339
1425, 1434
1426, 1330
1427, 837
1428, 935
1429, 1038
1430, 1234
1431, 1334
1432, 1437
1433, 1437
1434, 938
1435, 931
1436, 932
1437, 937
1438, 938
1439, 1537
1440, 1434
1441, 1631
1442, 1632
1443, 1631
1444, 1034
1445, 837
1446, 930
1447, 833
1448, 836
1449, 831
1450, 833
1451, 831
1452, 839
1453, 930
1454, 1137
1455, 1730
1456, 938
1457, 1137
1458, 1037
1459, 1133
1460, 931
1461, 833
1462, 1031
1463, 934
1464, 933
1465, 1034
1466, 931
1467, 1033
1468, 935
1469, 1030
1470, 939
1471, 932
1472, 1039
1473, 839
1474, 1039
1475, 839
1476, 1039
1477, 837
1478, 1130
1479, 838
1480, 1036
1481, 931
1482, 1035
1483, 930
1484, 1037
1485, 931
1486, 1033
1487, 931
1488, 1131
1489, 934
1490, 937
1491, 839
1492, 935
1493, 1036
1494, 938
1495, 936
1496, 836
1497, 938
1498, 936
1499, 1035
1500, 839
1501, 1036
1502, 838
1503, 1035
1504, 931
1505, 1035
1506, 936
1507, 1131
1508, 930
1509, 1034
1510, 930
1511, 939
1512, 936
1513, 937
1514, 1031
1515, 932
1516, 1036
1517, 935
1518, 1034
1519, 934
1520, 939
1521, 1034
1522, 1032
1523, 931
1524, 1033
1525, 835
1526, 1133
1527, 838
1528, 1130
1529, 837
1530, 1030
1531, 1031
1532, 839
1533, 1035
1534, 730
1535, 932
1536, 737
1537, 1135
1538, 935
1539, 936
1540, 736
1541, 934
1542, 935
1543, 1039
1544, 831
1545, 932
1546, 738
1547, 1133
1548, 935
1549, 931
1550, 939
1551, 1135
1552, 1031
1553, 935
1554, 1136
1555, 1636
1556, 1431
1557, 1231
1558, 839
1559, 1131
1560, 1133
1561, 1438
1562, 1439
1563, 1630
1564, 1137
1565, 938
1566, 837
1567, 832
1568, 839
1569, 834
1570, 931
1571, 931
1572, 936
1573, 1539
1574, 1633
1575, 1632
1576, 1539
1577, 1535
1578, 1031
1579, 936
1580, 837
1581, 838
1582, 835
1583, 935
1584, 1034
1585, 1134
1586, 1735
1587, 1234
1588, 931
1589, 937
1590, 930
1591, 1037
1592, 1031
1593, 931
1594, 1035
1595, 937
1596, 1130
1597, 930
1598, 1130
1599, 930
1600, 1039
1601, 932
1602, 1035
1603, 930
1604, 1037
1605, 839
1606, 1038
1607, 839
1608, 939
1609, 931
1610, 838
1611, 1037
1612, 832
1613, 937
1614, 1134
1615, 1030
1616, 938
1617, 936
1618, 931
1619, 1039
1620, 931
1621, 1130
1622, 839
1623, 1037
1624, 839
1625, 1034
1626, 932
1627, 1032
1628, 734
1629, 839
1630, 1034
1631, 1032
1632, 933
1633, 738
1634, 933
1635, 935
1636, 1132
1637, 738
1638, 1432
1639, 830
1640, 1135
1641, 732
1642, 939
1643, 1135
1644, 939
1645, 936
1646, 838
1647, 835
1648, 1032
1649, 838
1650, 1036
1651, 833
1652, 835
1653, 1134
1654, 833
1655, 1133
1656, 731
1657, 938
1658, 1133
1659, 1138
1660, 933
1661, 835
1662, 736
1663, 1131
1664, 933
1665, 1131
1666, 1431
1667, 935
1668, 930
1669, 1334
1670, 1439
1671, 1433
1672, 1134
1673, 1234
1674, 1036
1675, 1032
1676, 1136
1677, 1031
1678, 1132
1679, 1531
1680, 1536
1681, 1031
1682, 937
1683, 839
1684, 933
1685, 832
1686, 937
1687, 1036
1688, 1439
1689, 1539
1690, 1536
1691, 1438
1692, 934
1693, 739
1694, 737
1695, 638
1696, 637
1697, 835
1698, 1037
1699, 1134
1700, 1033
1701, 1336
1702, 1037
1703, 1134
1704, 933
1705, 930
1706, 738
1707, 1131
1708, 936
1709, 1037
1710, 735
1711, 738
1712, 931
1713, 939
1714, 1132
1715, 739
1716, 935
1717, 738
1718, 1137
1719, 839
1720, 1036
1721, 830
1722, 838
1723, 1032
1724, 1036
1725, 839
1726, 1034
1727, 933
1728, 1033
1729, 936
1730, 935
1731, 1034
1732, 936
1733, 1037
1734, 932
1735, 1035
1736, 935
1737, 1033
1738, 935
1739, 1031
1740, 839
1741, 1039
1742, 930
1743, 1037
1744, 930
1745, 1035
1746, 835
1747, 1038
1748, 1030
1749, 739
1750, 836
1751, 936
1752, 1130
1753, 933
1754, 836
1755, 736
1756, 936
1757, 936
1758, 1134
1759, 831
1760, 934
1761, 739
1762, 1133
1763, 936
1764, 936
1765, 738
1766, 933
1767, 1032
1768, 1037
1769, 839
1770, 1131
1771, 836
1772, 932
1773, 934
1774, 832
1775, 1131
1776, 833
1777, 1135
1778, 735
1779, 1037
1780, 1134
1781, 1038
1782, 837
1783, 1033
1784, 931
1785, 1035
1786, 839
1787, 1032
1788, 937
1789, 934
1790, 1036
1791, 1031
1792, 839
1793, 930
1794, 1331
1795, 1431
1796, 1532
1797, 1037
1798, 932
1799, 931
1800, 1130
1801, 1139
1802, 1439
1803, 1434
1804, 1535
1805, 1534
1806, 1036
1807, 838
1808, 936
1809, 937
1810, 936
1811, 1037
1812, 1133
1813, 1537
1814, 1533
1815, 1534
1816, 736
1817, 632
1818, 634
1819, 733
1820, 536
1821, 831
1822, 831
1823, 1033
1824, 1830
1825, 1236
1826, 935
1827, 1039
1828, 931
1829, 935
1830, 1034
1831, 930
1832, 1037
1833, 839
1834, 1131
1835, 936
1836, 1036
1837, 735
1838, 1039
1839, 932
1840, 1038
1841, 930
1842, 939
1843, 835
1844, 1036
1845, 931
1846, 939
1847, 933
1848, 932
1849, 1035
1850, 931
1851, 1038
1852, 830
1853, 932
1854, 737
1855, 1136
1856, 931
1857, 938
1858, 930
1859, 935
1860, 937
1861, 1037
1862, 830
1863, 1334
1864, 836
1865, 1039
1866, 834
1867, 838
1868, 936
1869, 836
1870, 1135
1871, 830
1872, 1030
1873, 1235
1874, 938
1875, 933
1876, 931
1877, 832
1878, 1039
1879, 930
1880, 1130
1881, 930
1882, 1035
1883, 934
1884, 1034
1885, 936
1886, 936
1887, 934
1888, 837
1889, 1038
1890, 935
1891, 936
1892, 734
1893, 1130
1894, 930
1895, 1133
1896, 838
1897, 1036
1898, 930
1899, 1038
1900, 931
1901, 1031
1902, 834
1903, 837
1904, 936
1905, 739
1906, 838
1907, 839
1908, 930
1909, 937
1910, 1339
1911, 1339
1912, 1230
1913, 1431
1914, 1132
1915, 935
1916, 1135
1917, 1134
1918, 1139
1919, 1236
1920, 1337
1921, 1237
1922, 1332
1923, 1036
1924, 938
1925, 930
1926, 1130
1927, 937
1928, 1033
1929, 1132
1930, 1538
1931, 1632
1932, 1537
1933, 1536
1934, 1034
1935, 1036
1936, 1535
1937, 1132
1938, 933
1939, 933
1940, 838
1941, 939
1942, 1031
1943, 1830
1944, 1231
1945, 936
1946, 1035
1947, 935
1948, 1032
1949, 938
1950, 1038
1951, 931
1952, 836
1953, 839
1954, 932
1955, 930
1956, 1038
1957, 735
1958, 1130
1959, 739
1960, 937
1961, 1131
1962, 1035
1963, 938
1964, 933
1965, 934
1966, 931
1967, 1036
1968, 930
1969, 1038
1970, 930
1971, 1130
1972, 930
1973, 1039
1974, 837
1975, 1034
1976, 1030
1977, 1038
1978, 839
1979, 1037
1980, 835
1981, 1131
1982, 839
1983, 1030
1984, 932
1985, 930
1986, 1034
1987, 935
1988, 1033
1989, 733
1990, 1238
1991, 736
1992, 1136
1993, 934
1994, 938
1995, 1133
1996, 938
1997, 938
1998, 931
1999, 834
2000, 1337
2001, 837
2002, 1036
2003, 839
2004, 836
2005, 1131
2006, 834
2007, 1135
2008, 731
2009, 939
2010, 1036
2011, 1034
2012, 1032
2013, 930
2014, 734
2015, 1038
2016, 938
2017, 1131
2018, 732
2019, 839
2020, 936
2021, 1038
2022, 1030
2023, 832
2024, 931
2025, 739
2026, 1138
2027, 838
2028, 838
2029, 1033
2030, 930
2031, 1039
2032, 1436
2033, 1532
2034, 1532
2035, 1438
2036, 1035
2037, 935
2038, 1135
2039, 1436
2040, 1535
2041, 1630
2042, 1439
2043, 1131
2044, 1136
2045, 932
2046, 933
2047, 1034
2048, 1034
2049, 1036
2050, 1633
2051, 1632
2052, 1631
2053, 1035
2054, 935
2055, 933
2056, 834
2057, 931
2058, 839
2059, 1031
2060, 1130
2061, 1431
2062, 1037
2063, 832
2064, 1034
2065, 938
2066, 1134
2067, 734
2068, 934
2069, 736
2070, 1138
2071, 837
2072, 936
2073, 737
2074, 935
2075, 933
2076, 1130
2077, 832
2078, 1333
2079, 832
2080, 1035
2081, 1035
2082, 834
2083, 1036
2084, 834
2085, 1135
2086, 738
2087, 1033
2088, 1135
2089, 1032
2090, 938
2091, 935
2092, 832
2093, 1338
2094, 836
2095, 1135
2096, 737
2097, 934
2098, 933
2099, 933
2100, 1033
2101, 836
2102, 936
2103, 837
2104, 1137
2105, 936
2106, 838
2107, 733
2108, 1131
2109, 932
2110, 1133
2111, 739
2112, 933
2113, 738
2114, 1135
2115, 935
2116, 936
2117, 739
2118, 931
2119, 1032
2120, 1031
2121, 934
2122, 1038
2123, 931
2124, 935
2125, 1130
2126, 830
2127, 1333
2128, 830
2129, 1132
2130, 931
2131, 937
2132, 935
2133, 837
2134, 934
2135, 932
2136, 834
2137, 1138
2138, 839
2139, 1036
2140, 835
2141, 833
2142, 1032
2143, 837
2144, 1136
2145, 734
2146, 935
2147, 933
2148, 1136
2149, 932
2150, 836
2151, 736
2152, 1130
2153, 935
2154, 1136
2155, 831
2156, 838
2157, 830
2158, 1037
2159, 1032
2160, 833
2161, 932
2162, 739
2163, 1134
2164, 934
2165, 939
2166, 836
2167, 935
2168, 937
2169, 1034
2170, 739
2171, 1139
2172, 739
2173, 1132
2174, 737
2175, 936
2176, 1037
2177, 935
2178, 1035
2179, 739
2180, 936
2181, 1130
2182, 1439
2183, 1439
2184, 1531
2185, 1530
2186, 1133
2187, 1031
2188, 939
2189, 939
2190, 1138
2191, 1133
2192, 1530
2193, 1436
2194, 1536
2195, 1533
2196, 1133
2197, 938
2198, 936
2199, 930
2200, 934
2201, 936
2202, 1036
2203, 1131
2204, 1539
2205, 1631
2206, 1536
2207, 1038
2208, 936
2209, 936
2210, 1032
2211, 939
2212, 1030
2213, 1032
2214, 1039
2215, 1535
2216, 1034
2217, 1238
2218, 930
2219, 835
2220, 1131
2221, 832
2222, 1039
2223, 930
2224, 1132
2225, 932
2226, 1031
2227, 1031
2228, 930
2229, 832
2230, 1138
2231, 835
2232, 1131
2233, 830
2234, 931
2235, 1030
2236, 1035
2237, 1034
2238, 735
2239, 839
2240, 937
2241, 1136
2242, 932
2243, 937
2244, 735
2245, 936
2246, 936
2247, 1131
2248, 830
2249, 934
2250, 738
2251, 1133
2252, 937
2253, 1032
2254, 931
2255, 1032
2256, 938
2257, 939
2258, 937
2259, 937
2260, 1031
2261, 939
2262, 1031
2263, 930
2264, 1037
2265, 932
2266, 1038
2267, 838
2268, 1034
2269, 938
2270, 937
2271, 837
2272, 1035
2273, 838
2274, 1134
2275, 938
2276, 935
2277, 1034
2278, 931
2279, 934
2280, 934
2281, 1133
2282, 730
2283, 934
2284, 932
2285, 1133
2286, 931
2287, 935
2288, 738
2289, 934
2290, 938
2291, 1039
2292, 1131
2293, 1035
2294, 930
2295, 1337
2296, 1135
2297, 1530
2298, 1530
2299, 938
2300, 1032
2301, 936
2302, 1334
2303, 1536
2304, 1534
2305, 1230
2306, 1231
2307, 1039
2308, 1133
2309, 1031
2310, 1137
2311, 1136
2312, 1534
2313, 1531
2314, 1436
2315, 1035
2316, 933
2317, 937
2318, 1033
2319, 1031
2320, 1033
2321, 1032
2322, 831
2323, 930
2324, 1134
2325, 1131
2326, 1031
2327, 1438
2328, 836
2329, 1134
2330, 932
2331, 830
2332, 738
2333, 1031
2334, 1030
2335, 931
2336, 1034
2337, 734
2338, 935
2339, 935
2340, 1034
2341, 738
2342, 1039
2343, 737
2344, 1135
2345, 737
2346, 936
2347, 839
2348, 939
2349, 937
2350, 836
2351, 834
2352, 1032
2353, 932
2354, 1034
2355, 839
2356, 831
2357, 1336
2358, 834
2359, 1139
2360, 734
2361, 1031
2362, 1032
2363, 1038
2364, 936
2365, 938
2366, 739
2367, 1131
2368, 937
2369, 1039
2370, 735
2371, 838
2372, 834
2373, 1031
2374, 1037
2375, 831
2376, 933
2377, 738
2378, 1132
2379, 837
2380, 939
2381, 730
2382, 934
2383, 933
2384, 1130
2385, 830
2386, 1033
2387, 737
2388, 1134
2389, 739
2390, 934
2391, 833
2392, 932
2393, 1038
2394, 736
2395, 938
2396, 1037
2397, 1032
2398, 935
2399, 934
2400, 831
2401, 1138
2402, 833
2403, 1139
2404, 739
2405, 938
2406, 837
2407, 1133
2408, 939
2409, 1036
2410, 931
2411, 1332
2412, 1531
2413, 1530
2414, 1435
2415, 1231
2416, 839
2417, 1133
2418, 1135
2419, 1138
2420, 1439
2421, 1438
2422, 1234
2423, 1336
2424, 1033
2425, 938
2426, 1136
2427, 939
2428, 1032
2429, 934
2430, 1638
2431, 1031
2432, 1633
2433, 1538
2434, 1135
2435, 1031
2436, 933
2437, 934
2438, 838
2439, 934
2440, 933
2441, 934
2442, 937
2443, 1834
2444, 1039
2445, 1233
2446, 830
2447, 1038
2448, 837
2449, 1034
2450, 1031
2451, 1031
2452, 936
2453, 930
2454, 1036
2455, 1032
2456, 1036
2457, 931
2458, 1130
2459, 839
2460, 1036
2461, 938
2462, 1037
2463, 930
2464, 1035
2465, 931
2466, 1034
2467, 932
2468, 1033
2469, 935
2470, 934
2471, 1032
2472, 932
2473, 1035
2474, 930
2475, 1037
2476, 932
2477, 1038
2478, 839
2479, 1036
2480, 931
2481, 1038
2482, 930
2483, 1035
2484, 934
2485, 1131
2486, 836
2487, 1034
2488, 837
2489, 1032
2490, 932
2491, 1033
2492, 932
2493, 730
2494, 1035
2495, 937
2496, 1137
2497, 736
2498, 936
2499, 936
2500, 1130
2501, 935
2502, 838
2503, 736
2504, 932
2505, 937
2506, 1036
2507, 834
2508, 836
2509, 837
2510, 938
2511, 1131
2512, 830
2513, 933
2514, 737
2515, 1136
2516, 935
2517, 939
2518, 1137
2519, 939
2520, 934
2521, 930
2522, 839
2523, 1136
2524, 1531
2525, 1536
2526, 1132
2527, 1138
2528, 1230
2529, 1031
2530, 939
2531, 1037
2532, 1136
2533, 1432
2534, 1331
2535, 1538
2536, 1138
2537, 1032
2538, 1034
2539, 1131
2540, 1133
2541, 1132
2542, 1136
2543, 1631
2544, 1635
2545, 1538
2546, 1035
2547, 933
2548, 933
2549, 934
2550, 935
2551, 1032
2552, 1135
2553, 1335
2554, 1337
2555, 1234
2556, 937
2557, 1036
2558, 838
2559, 1035
2560, 930
2561, 932
2562, 937
2563, 837
2564, 932
2565, 837
2566, 837
2567, 938
2568, 932
2569, 938
2570, 839
2571, 831
2572, 1230
2573, 830
2574, 1136
2575, 735
2576, 1031
2577, 1134
2578, 1030
2579, 937
2580, 839
2581, 736
2582, 1131
2583, 935
2584, 1130
2585, 735
2586, 834
2587, 1032
2588, 938
2589, 1038
2590, 739
2591, 935
2592, 736
2593, 1135
2594, 838
2595, 1031
2596, 735
2597, 934
2598, 938
2599, 1035
2600, 739
2601, 1132
2602, 738
2603, 1038
2604, 831
2605, 934
2606, 1133
2607, 930
2608, 1130
2609, 734
2610, 1031
2611, 1032
2612, 1033
2613, 933
2614, 939
2615, 831
2616, 1435
2617, 833
2618, 1133
2619, 735
2620, 939
2621, 934
2622, 1138
2623, 938
2624, 1534
2625, 1531
2626, 937
2627, 1132
2628, 1139
2629, 939
2630, 1131
2631, 1234
2632, 1038
2633, 1536
2634, 1536
2635, 1131
2636, 936
2637, 1033
2638, 1035
2639, 939
2640, 930
2641, 1038
2642, 1033
2643, 1534
2644, 1538
2645, 1633
2646, 1537
2647, 1033
2648, 1034
2649, 1034
2650, 1030
2651, 839
2652, 838
2653, 833
2654, 930
2655, 1030
2656, 1031
2657, 1031
2658, 936
2659, 938
2660, 1837
2661, 934
2662, 1135
2663, 737
2664, 938
2665, 939
2666, 939
2667, 1038
2668, 830
2669, 1033
2670, 930
2671, 1132
2672, 930
2673, 838
2674, 837
2675, 1130
2676, 930
2677, 1037
2678, 839
2679, 1032
2680, 930
2681, 1037
2682, 931
2683, 1032
2684, 936
2685, 936
2686, 1034
2687, 932
2688, 1037
2689, 935
2690, 1039
2691, 838
2692, 1037
2693, 931
2694, 1132
2695, 930
2696, 1130
2697, 839
2698, 1036
2699, 838
2700, 1034
2701, 930
2702, 1031
2703, 932
2704, 1030
2705, 939
2706, 933
2707, 1037
2708, 930
2709, 1039
2710, 932
2711, 1038
2712, 838
2713, 937
2714, 931
2715, 1037
2716, 838
2717, 1035
2718, 839
2719, 1033
2720, 931
2721, 1035
2722, 931
2723, 939
2724, 937
2725, 935
2726, 1031
2727, 1433
2728, 1230
2729, 1437
2730, 1132
2731, 1036
2732, 1131
2733, 1033
2734, 1039
2735, 930
2736, 1439
2737, 937
2738, 1235
2739, 932
2740, 1130
2741, 932
2742, 1033
2743, 1031
2744, 1031
2745, 1031
2746, 931
2747, 1336
2748, 1438
2749, 1138
2750, 1132
2751, 1130
2752, 837
2753, 939
2754, 1131
2755, 1038
2756, 930
2757, 1035
2758, 1330
2759, 1335
2760, 1033
2761, 1035
2762, 837
2763, 1131
2764, 835
2765, 932
2766, 938
2767, 933
2768, 1030
2769, 933
2770, 938
2771, 737
2772, 939
2773, 934
2774, 1031
2775, 738
2776, 1039
2777, 933
2778, 1133
2779, 931
2780, 1033
2781, 932
2782, 1133
2783, 930
2784, 1033
2785, 935
2786, 931
2787, 1034
2788, 932
2789, 1035
2790, 933
2791, 1038
2792, 932
2793, 1038
2794, 839
2795, 1035
2796, 838
2797, 1132
2798, 931
2799, 1131
2800, 732
2801, 838
2802, 936
2803, 939
2804, 1031
2805, 739
2806, 932
2807, 738
2808, 1133
2809, 930
2810, 938
2811, 736
2812, 933
2813, 934
2814, 1130
2815, 830
2816, 1336
2817, 737
2818, 1131
2819, 738
2820, 936
2821, 1239
2822, 930
2823, 1035
2824, 739
2825, 936
2826, 1030
2827, 938
2828, 934
2829, 937
2830, 831
2831, 1137
2832, 835
2833, 1136
2834, 934
2835, 1131
2836, 1131
2837, 1034
2838, 935
2839, 1039
2840, 934
2841, 1234
2842, 939
2843, 1435
2844, 1533
2845, 1535
2846, 1037
2847, 932
2848, 1036
2849, 938
2850, 1038
2851, 839
2852, 1131
2853, 1031
2854, 1239
2855, 1030
2856, 1131
2857, 931
2858, 1039
2859, 932
2860, 1039
2861, 932
2862, 1130
2863, 1032
2864, 1038
2865, 1133
2866, 1131
2867, 1134
2868, 733
2869, 1035
2870, 1035
2871, 938
2872, 935
2873, 930
2874, 839
2875, 1038
2876, 931
2877, 1036
2878, 837
2879, 1034
2880, 931
2881, 1030
2882, 938
2883, 935
2884, 1033
2885, 930
2886, 1039
2887, 931
2888, 1038
2889, 839
2890, 1039
2891, 838
2892, 1039
2893, 930
2894, 1037
2895, 932
2896, 1036
2897, 930
2898, 1037
2899, 930
2900, 1035
2901, 932
2902, 1034
2903, 932
2904, 933
2905, 1031
2906, 935
2907, 1035
2908, 930
2909, 1036
2910, 935
2911, 1038
2912, 839
2913, 1036
2914, 933
2915, 1039
2916, 839
2917, 1037
2918, 839
2919, 1037
2920, 931
2921, 1033
2922, 936
2923, 736
2924, 1038
2925, 739
2926, 1131
2927, 731
2928, 937
2929, 739
2930, 1134
2931, 1032
2932, 1032
2933, 838
2934, 1131
2935, 839
2936, 1037
2937, 838
2938, 1035
2939, 932
2940, 1037
2941, 839
2942, 938
2943, 935
2944, 937
2945, 1038
2946, 930
2947, 1039
2948, 930
2949, 1133
2950, 838
2951, 1131
2952, 839
2953, 1133
2954, 839
2955, 1037
2956, 838
2957, 1039
2958, 931
2959, 1032
2960, 933
2961, 1032
2962, 937
2963, 935
2964, 1036
2965, 930
2966, 1038
2967, 931
2968, 1039
2969, 733
2970, 1132
2971, 639
2972, 933
2973, 839
2974, 1133
2975, 931
2976, 839
2977, 932
2978, 1036
2979, 932
2980, 1034
2981, 935
