1, 930
2, 834
3, 1039
4, 838
5, 1039
6, 930
7, 836
8, 1131
9, 935
10, 1132
11, 732
12, 937
13, 737
14, 1230
15, 931
16, 1032
17, 737
18, 937
19, 936
20, 1134
21, 832
22, 935
23, 830
24, 1131
25, 939
26, 839
27, 1134
28, 833
29, 1135
30, 732
31, 1032
32, 1034
33, 1035
34, 935
35, 1030
36, 830
37, 1033
38, 837
39, 1138
40, 830
41, 1031
42, 930
43, 1032
44, 1032
45, 935
46, 839
47, 935
48, 1133
49, 936
50, 839
51, 735
52, 1133
53, 938
54, 1136
55, 739
56, 937
57, 737
58, 1137
59, 838
60, 938
61, 737
62, 934
63, 938
64, 1130
65, 833
66, 1231
67, 835
68, 937
69, 932
70, 831
71, 1139
72, 831
73, 1139
74, 734
75, 1034
76, 1035
77, 1035
78, 938
79, 932
80, 833
81, 1334
82, 834
83, 1132
84, 831
85, 938
86, 1237
87, 1033
88, 1038
89, 731
90, 936
91, 933
92, 1139
93, 934
94, 931
95, 737
96, 938
97, 936
98, 1134
99, 832
100, 935
101, 738
102, 1136
103, 937
104, 933
105, 934
106, 838
107, 1037
108, 834
109, 1031
110, 932
111, 1035
112, 936
113, 933
114, 739
115, 1337
116, 832
117, 1139
118, 737
119, 1034
120, 1231
121, 1031
122, 939
123, 937
124, 838
125, 1233
126, 1039
127, 1033
128, 834
129, 739
130, 1134
131, 937
132, 1133
133, 737
134, 936
135, 738
136, 1137
137, 935
138, 1031
139, 739
140, 937
141, 937
142, 1133
143, 832
144, 934
145, 833
146, 1038
147, 936
148, 932
149, 1230
150, 832
151, 1134
152, 830
153, 1034
154, 1135
155, 1033
156, 1030
157, 937
158, 836
159, 1435
160, 834
161, 1133
162, 732
163, 935
164, 1032
165, 935
166, 1035
167, 930
168, 837
169, 939
170, 1133
171, 936
172, 839
173, 736
174, 934
175, 939
176, 1137
177, 831
178, 936
179, 737
180, 1135
181, 937
182, 935
183, 834
184, 934
185, 1031
186, 1132
187, 931
188, 1039
189, 938
190, 936
191, 935
192, 833
193, 1434
194, 835
195, 1137
196, 739
197, 1033
198, 930
199, 1032
200, 937
201, 933
202, 835
203, 1335
204, 939
205, 1039
206, 739
207, 837
208, 1036
209, 937
210, 1136
211, 731
212, 935
213, 739
214, 1138
215, 937
216, 939
217, 738
218, 936
219, 936
220, 1134
221, 833
222, 935
223, 831
224, 1133
225, 939
226, 933
227, 1135
228, 835
229, 1132
230, 832
231, 939
232, 1130
233, 1035
234, 938
235, 935
236, 833
237, 1237
238, 834
239, 1138
240, 735
241, 939
242, 939
243, 939
244, 1031
245, 935
246, 833
247, 1038
248, 1039
249, 1031
250, 836
251, 737
252, 1135
253, 932
254, 1135
255, 734
256, 935
257, 735
258, 1231
259, 934
260, 937
261, 739
262, 936
263, 932
264, 1036
265, 833
266, 1037
267, 834
268, 1036
269, 939
270, 835
271, 1139
272, 833
273, 1138
274, 732
275, 1033
276, 1231
277, 1033
278, 938
279, 933
280, 834
281, 1130
282, 835
283, 1138
284, 739
285, 938
286, 1133
287, 1133
288, 1033
289, 835
290, 839
291, 935
292, 1137
293, 935
294, 930
295, 738
296, 1036
297, 933
298, 1134
299, 738
300, 934
301, 738
302, 1135
303, 936
304, 938
305, 830
306, 932
307, 1035
308, 1031
309, 930
310, 1238
311, 931
312, 935
313, 934
314, 830
315, 1234
316, 833
317, 1139
318, 735
319, 1033
320, 1232
321, 1032
322, 1030
323, 837
324, 834
325, 1131
326, 839
327, 1132
328, 835
329, 838
330, 1036
331, 939
332, 1134
333, 731
334, 933
335, 832
336, 1232
337, 938
338, 1031
339, 739
340, 937
341, 1030
342, 1134
343, 832
344, 936
345, 739
346, 1132
347, 1030
348, 933
349, 1134
350, 837
351, 1130
352, 736
353, 938
354, 1232
355, 1031
356, 935
357, 838
358, 832
359, 1133
360, 836
361, 1231
362, 739
363, 938
364, 1036
365, 1031
366, 939
367, 932
368, 835
369, 1032
370, 1130
371, 1034
372, 835
373, 830
374, 1134
375, 939
376, 1130
377, 737
378, 936
379, 738
380, 1135
381, 937
382, 936
383, 738
384, 935
385, 1033
386, 1130
387, 831
388, 1037
389, 832
390, 1130
391, 934
392, 834
393, 1333
394, 837
395, 1137
396, 739
397, 1032
398, 1139
399, 1034
400, 937
401, 933
402, 833
403, 1233
404, 835
405, 1135
406, 737
407, 1030
408, 1033
409, 1038
410, 1031
411, 835
412, 837
413, 1032
414, 1137
415, 934
416, 834
417, 836
418, 938
419, 936
420, 1134
421, 833
422, 935
423, 738
424, 1138
425, 939
426, 937
427, 738
428, 934
429, 1031
430, 1131
431, 835
432, 1137
433, 837
434, 939
435, 931
436, 834
437, 1532
438, 834
439, 1135
440, 737
441, 1032
442, 1333
443, 1032
444, 938
445, 930
446, 833
447, 1336
448, 836
449, 1135
450, 831
451, 933
452, 1032
453, 1035
454, 1037
455, 734
456, 931
457, 936
458, 1130
459, 935
460, 937
461, 739
462, 937
463, 937
464, 1134
465, 831
466, 934
467, 832
468, 1137
469, 1030
470, 936
471, 1035
472, 838
473, 1033
474, 838
475, 933
476, 1238
477, 2137
478, 3531
479, 3833
480, 3935
481, 3634
482, 1435
483, 1235
484, 1037
485, 1136
486, 1236
487, 1430
488, 3135
489, 3930
490, 4030
491, 3834
492, 3636
493, 3739
494, 3837
495, 3731
496, 2034
497, 3931
498, 1436
499, 1433
500, 30
501, 30
502, 30
503, 31
504, 631
505, 833
506, 930
507, 631
508, 1237
509, 835
510, 935
511, 830
512, 1133
513, 936
514, 931
515, 1037
516, 837
517, 1039
518, 1232
519, 3330
520, 3536
521, 3931
522, 1334
523, 1336
524, 1530
525, 1134
526, 933
527, 933
528, 738
529, 833
530, 1030
531, 1333
532, 1036
533, 932
534, 833
535, 938
536, 1130
537, 1034
538, 832
539, 739
540, 1133
541, 933
542, 1133
543, 736
544, 937
545, 738
546, 1139
547, 936
548, 937
549, 830
550, 937
551, 939
552, 1039
553, 833
554, 1133
555, 832
556, 1130
557, 1035
558, 838
559, 1035
560, 834
561, 1132
562, 735
563, 1031
564, 1035
565, 1034
566, 937
567, 936
568, 834
569, 1131
570, 835
571, 1139
572, 733
573, 939
574, 1139
575, 939
576, 1031
577, 836
578, 834
579, 1239
580, 1132
581, 939
582, 837
583, 738
584, 1134
585, 930
586, 1132
587, 734
588, 937
589, 738
590, 1136
591, 938
592, 937
593, 831
594, 935
595, 1030
596, 1135
597, 833
598, 935
599, 837
600, 1035
601, 1034
602, 833
603, 1332
604, 833
605, 1135
606, 736
607, 1032
608, 838
609, 1034
610, 937
611, 938
612, 835
613, 1130
614, 838
615, 1134
616, 831
617, 1030
618, 1233
619, 937
620, 1036
621, 836
622, 930
623, 937
624, 1134
625, 936
626, 839
627, 737
628, 1035
629, 936
630, 1133
631, 832
632, 936
633, 739
634, 1136
635, 939
636, 937
637, 737
638, 931
639, 3638
640, 3931
641, 3938
642, 3931
643, 3933
644, 3739
645, 3739
646, 3936
647, 3735
648, 3939
649, 2438
650, 3834
651, 3439
652, 3536
653, 3439
654, 3436
655, 3537
656, 3736
657, 2232
658, 1434
659, 838
660, 936
661, 939
662, 1132
663, 3836
664, 3936
665, 3330
666, 2136
667, 1431
668, 839
669, 839
670, 1333
671, 838
672, 1138
673, 739
674, 1033
675, 1238
676, 1032
677, 937
678, 933
679, 831
680, 1233
681, 1032
682, 1133
683, 733
684, 932
685, 936
686, 1135
687, 936
688, 933
689, 834
690, 833
691, 1132
692, 935
693, 936
694, 736
695, 936
696, 937
697, 1133
698, 739
699, 932
700, 738
701, 1135
702, 838
703, 936
704, 1032
705, 936
706, 937
707, 930
708, 836
709, 1233
710, 931
711, 1033
712, 838
713, 833
714, 1333
715, 834
716, 1136
717, 735
718, 1030
719, 932
720, 1137
721, 935
722, 930
723, 737
724, 1133
725, 939
726, 1038
727, 830
728, 931
729, 830
730, 1038
731, 1034
732, 835
733, 930
734, 739
735, 1135
736, 935
737, 939
738, 1037
739, 935
740, 936
741, 1131
742, 830
743, 1231
744, 834
745, 1133
746, 737
747, 939
748, 839
749, 939
750, 939
751, 936
752, 839
753, 1134
754, 933
755, 936
756, 934
757, 834
758, 1238
759, 837
760, 1135
761, 737
762, 936
763, 934
764, 1133
765, 935
766, 839
767, 738
768, 939
769, 3935
770, 4034
771, 3731
772, 3930
773, 3839
774, 3930
775, 3835
776, 3735
777, 3838
778, 3736
779, 3836
780, 3536
781, 2534
782, 1634
783, 1035
784, 930
785, 1137
786, 933
787, 1038
788, 932
789, 930
790, 1333
791, 836
792, 3931
793, 3636
794, 3835
795, 3730
796, 1731
797, 1034
798, 935
799, 1036
800, 1034
801, 935
802, 830
803, 934
804, 939
805, 1036
806, 831
807, 931
808, 738
809, 1230
810, 937
811, 1031
812, 1131
813, 938
814, 1030
815, 931
816, 835
817, 1238
818, 837
819, 1130
820, 833
821, 930
822, 1230
823, 837
824, 1134
825, 737
826, 1030
827, 1035
828, 1037
829, 936
830, 935
831, 739
832, 1135
833, 935
834, 1133
835, 733
836, 932
837, 831
838, 1130
839, 939
840, 930
841, 837
842, 834
843, 1131
844, 937
845, 938
846, 831
847, 939
848, 938
849, 1133
850, 831
851, 1233
852, 738
853, 1134
854, 836
855, 1030
856, 1133
857, 1031
858, 939
859, 934
860, 838
861, 1039
862, 935
863, 1036
864, 839
865, 835
866, 1233
867, 834
868, 1133
869, 739
870, 1031
871, 934
872, 1134
873, 935
874, 839
875, 3932
876, 4030
877, 4031
878, 1933
879, 3539
880, 3635
881, 3534
882, 3537
883, 3033
884, 1335
885, 1535
886, 835
887, 1135
888, 734
889, 939
890, 934
891, 1030
892, 937
893, 839
894, 836
895, 1331
896, 931
897, 1035
898, 835
899, 833
900, 1434
901, 932
902, 1134
903, 736
904, 935
905, 934
906, 1133
907, 935
908, 836
909, 737
910, 935
911, 937
912, 1130
913, 832
914, 933
915, 831
916, 1134
917, 1031
918, 837
919, 839
920, 830
921, 1133
922, 839
923, 938
924, 1133
925, 932
926, 935
927, 1034
928, 834
929, 1237
930, 834
931, 1131
932, 830
933, 938
934, 932
935, 1030
936, 1034
937, 931
938, 932
939, 1236
940, 937
941, 939
942, 838
943, 830
944, 1133
945, 937
946, 1136
947, 733
948, 935
949, 930
950, 1132
951, 936
952, 935
953, 739
954, 935
955, 939
956, 1036
957, 836
958, 931
959, 838
960, 1037
961, 1037
962, 832
963, 1233
964, 738
965, 1133
966, 932
967, 1030
968, 1138
969, 1032
970, 935
971, 839
972, 832
973, 1039
974, 837
975, 1134
976, 737
977, 939
978, 839
979, 935
980, 1038
981, 830
982, 936
983, 931
984, 1138
985, 936
986, 938
987, 738
988, 1134
989, 1032
990, 1132
991, 639
992, 935
993, 832
994, 1131
995, 933
996, 937
997, 738
998, 933
999, 939
1000, 1033
1001, 837
1002, 937
1003, 932
1004, 938
1005, 1035
1006, 832
1007, 1138
1008, 833
1009, 1138
1010, 733
1011, 1030
1012, 1139
1013, 1032
1014, 939
1015, 933
1016, 834
1017, 1330
1018, 833
1019, 1133
1020, 834
1021, 935
1022, 1233
1023, 1036
1024, 1039
1025, 732
1026, 933
1027, 936
1028, 1134
1029, 938
1030, 839
1031, 738
1032, 937
1033, 935
1034, 1132
1035, 830
1036, 934
1037, 830
1038, 1133
1039, 934
1040, 935
1041, 834
1042, 933
1043, 1036
1044, 1033
1045, 933
1046, 939
1047, 1030
1048, 1031
1049, 935
1050, 830
1051, 1438
1052, 832
1053, 1136
1054, 832
1055, 1031
1056, 1136
1057, 937
1058, 939
1059, 932
1060, 834
1061, 1036
1062, 1030
1063, 1131
1064, 830
1065, 834
1066, 1039
1067, 938
1068, 1131
1069, 732
1070, 933
1071, 739
1072, 1137
1073, 930
1074, 938
1075, 738
1076, 1033
1077, 1039
1078, 1438
1079, 1437
1080, 1531
1081, 1439
1082, 1331
1083, 1135
1084, 1139
1085, 1536
1086, 1337
1087, 1430
1088, 1435
1089, 1534
1090, 1535
1091, 1030
1092, 1038
1093, 1336
1094, 1536
1095, 1532
1096, 1535
1097, 1233
1098, 932
1099, 936
1100, 938
1101, 931
1102, 836
1103, 837
1104, 832
1105, 933
1106, 938
1107, 1633
1108, 1334
1109, 837
1110, 1135
1111, 936
1112, 1132
1113, 735
1114, 936
1115, 737
1116, 1231
1117, 934
1118, 938
1119, 739
1120, 934
1121, 1033
1122, 1037
1123, 831
1124, 939
1125, 832
1126, 1038
1127, 1036
1128, 835
1129, 1339
1130, 833
1131, 1135
1132, 734
1133, 1031
1134, 933
1135, 1032
1136, 934
1137, 931
1138, 834
1139, 1139
1140, 835
1141, 1135
1142, 734
1143, 937
1144, 1231
1145, 1133
1146, 938
1147, 930
1148, 834
1149, 1033
1150, 1133
1151, 936
1152, 838
1153, 737
1154, 936
1155, 934
1156, 1135
1157, 831
1158, 935
1159, 737
1160, 1135
1161, 936
1162, 937
1163, 830
1164, 935
1165, 938
1166, 1032
1167, 838
1168, 1032
1169, 931
1170, 1031
1171, 930
1172, 832
1173, 1235
1174, 833
1175, 1139
1176, 739
1177, 1032
1178, 1032
1179, 1032
1180, 938
1181, 839
1182, 833
1183, 1139
1184, 938
1185, 1131
1186, 831
1187, 933
1188, 1032
1189, 1035
1190, 1035
1191, 739
1192, 931
1193, 837
1194, 1133
1195, 934
1196, 939
1197, 1137
1198, 3537
1199, 4032
1200, 3939
1201, 1136
1202, 1530
1203, 1432
1204, 1132
1205, 939
1206, 1032
1207, 1138
1208, 1130
1209, 1335
1210, 1431
1211, 1339
1212, 632
1213, 4036
1214, 4039
1215, 3931
1216, 3934
1217, 3636
1218, 3634
1219, 4039
1220, 1439
1221, 1532
1222, 1438
1223, 30
1224, 332
1225, 932
1226, 934
1227, 1033
1228, 938
1229, 1034
1230, 936
1231, 137
1232, 739
1233, 939
1234, 1034
1235, 831
1236, 932
1237, 737
1238, 1139
1239, 938
1240, 1030
1241, 736
1242, 936
1243, 936
1244, 1034
1245, 833
1246, 1035
1247, 739
1248, 1130
1249, 834
1250, 936
1251, 1131
1252, 932
1253, 1038
1254, 830
1255, 937
1256, 1038
1257, 1034
1258, 937
1259, 935
1260, 833
1261, 1334
1262, 834
1263, 1139
1264, 739
1265, 1030
1266, 836
1267, 1137
1268, 937
1269, 837
1270, 830
1271, 1038
1272, 1031
1273, 1031
1274, 932
1275, 831
1276, 933
1277, 934
1278, 1038
1279, 831
1280, 938
1281, 830
1282, 1138
1283, 934
1284, 939
1285, 1138
1286, 933
1287, 938
1288, 934
1289, 834
1290, 1136
1291, 839
1292, 1132
1293, 831
1294, 930
1295, 1036
1296, 837
1297, 1134
1298, 737
1299, 1030
1300, 738
1301, 1033
1302, 937
1303, 937
1304, 831
1305, 1037
1306, 936
1307, 1131
1308, 732
1309, 932
1310, 835
1311, 1130
1312, 937
1313, 931
1314, 833
1315, 837
1316, 1134
1317, 839
1318, 937
1319, 835
1320, 937
1321, 935
1322, 1131
1323, 831
1324, 1333
1325, 832
1326, 1134
1327, 736
1328, 939
1329, 933
1330, 1031
1331, 938
1332, 931
1333, 837
1334, 1135
1335, 931
1336, 1036
1337, 930
1338, 836
1339, 1135
1340, 934
1341, 1136
1342, 739
1343, 935
1344, 2135
1345, 1231
1346, 3937
1347, 3938
1348, 1339
1349, 1437
1350, 1138
1351, 1037
1352, 1032
1353, 1138
1354, 1336
1355, 1438
1356, 1339
1357, 634
1358, 4033
1359, 3832
1360, 3839
1361, 3930
1362, 3935
1363, 1138
1364, 1436
1365, 1531
1366, 1034
1367, 939
1368, 1130
1369, 934
1370, 939
1371, 933
1372, 939
1373, 1332
1374, 1532
1375, 1131
1376, 838
1377, 932
1378, 1132
1379, 937
1380, 938
1381, 937
1382, 736
1383, 1135
1384, 933
1385, 1133
1386, 732
1387, 934
1388, 934
1389, 1131
1390, 935
1391, 937
1392, 830
1393, 934
1394, 1031
1395, 1130
1396, 834
1397, 838
1398, 837
1399, 1033
1400, 1133
1401, 833
1402, 1439
1403, 831
1404, 1135
1405, 738
1406, 1033
1407, 1037
1408, 1033
1409, 937
1410, 930
1411, 833
1412, 1237
1413, 836
1414, 1134
1415, 737
1416, 936
1417, 937
1418, 935
1419, 1039
1420, 830
1421, 934
1422, 932
1423, 1231
1424, 934
1425, 930
1426, 736
1427, 1136
1428, 930
1429, 1130
1430, 830
1431, 935
1432, 831
1433, 1137
1434, 935
1435, 936
1436, 830
1437, 932
1438, 937
1439, 1037
1440, 931
1441, 1038
1442, 931
1443, 937
1444, 938
1445, 831
1446, 1232
1447, 830
1448, 1138
1449, 735
1450, 1030
1451, 931
1452, 1033
1453, 938
1454, 937
1455, 835
1456, 1332
1457, 835
1458, 1131
1459, 832
1460, 930
1461, 939
1462, 1033
1463, 1131
1464, 737
1465, 936
1466, 936
1467, 1136
1468, 933
1469, 933
1470, 738
1471, 935
1472, 937
1473, 1133
1474, 832
1475, 934
1476, 830
1477, 1132
1478, 1032
1479, 935
1480, 830
1481, 3635
1482, 3532
1483, 3937
1484, 3932
1485, 1436
1486, 1535
1487, 1439
1488, 1038
1489, 1134
1490, 1331
1491, 1430
1492, 1437
1493, 1335
1494, 3937
1495, 3733
1496, 4037
1497, 3932
1498, 3934
1499, 4030
1500, 1530
1501, 1530
1502, 1537
1503, 37
1504, 30
1505, 30
1506, 739
1507, 932
1508, 837
1509, 932
1510, 930
1511, 933
1512, 932
1513, 934
1514, 934
1515, 30
1516, 635
1517, 1035
1518, 831
1519, 933
1520, 831
1521, 1039
1522, 1034
1523, 837
1524, 1231
1525, 738
1526, 1133
1527, 832
1528, 939
1529, 1033
1530, 1035
1531, 935
1532, 839
1533, 833
1534, 1034
1535, 836
1536, 1137
1537, 735
1538, 938
1539, 1238
1540, 937
1541, 1034
1542, 834
1543, 930
1544, 1335
1545, 1038
1546, 938
1547, 933
1548, 736
1549, 1136
1550, 934
1551, 1134
1552, 730
1553, 935
1554, 832
1555, 1132
1556, 935
1557, 936
1558, 738
1559, 936
1560, 1031
1561, 1037
1562, 835
1563, 837
1564, 837
1565, 1033
1566, 1037
1567, 831
1568, 1037
1569, 736
1570, 1138
1571, 830
1572, 939
1573, 1030
1574, 1031
1575, 937
1576, 839
1577, 834
1578, 1039
1579, 837
1580, 1136
1581, 736
1582, 935
1583, 1138
1584, 934
1585, 1039
1586, 739
1587, 937
1588, 1034
1589, 1230
1590, 935
1591, 839
1592, 736
1593, 1134
1594, 935
1595, 1130
1596, 735
1597, 1035
1598, 937
1599, 3737
1600, 3930
1601, 3731
1602, 1432
1603, 1530
1604, 1433
1605, 1039
1606, 1035
1607, 1130
1608, 1431
1609, 1438
1610, 534
1611, 4035
1612, 2235
1613, 3931
1614, 3839
1615, 3832
1616, 3931
1617, 3633
1618, 1838
1619, 4030
1620, 4030
1621, 1430
1622, 1433
1623, 1438
1624, 1034
1625, 931
1626, 935
1627, 939
1628, 932
1629, 939
1630, 1034
1631, 1536
1632, 1237
1633, 1236
1634, 937
1635, 931
1636, 737
1637, 1135
1638, 939
1639, 1130
1640, 831
1641, 933
1642, 739
1643, 1132
1644, 938
1645, 932
1646, 835
1647, 834
1648, 1038
1649, 933
1650, 938
1651, 734
1652, 938
1653, 934
1654, 1132
1655, 739
1656, 1336
1657, 833
1658, 1134
1659, 736
1660, 938
1661, 1036
1662, 1031
1663, 937
1664, 931
1665, 836
1666, 1239
1667, 932
1668, 1034
1669, 838
1670, 833
1671, 1138
1672, 834
1673, 1137
1674, 830
1675, 936
1676, 935
1677, 1131
1678, 935
1679, 837
1680, 737
1681, 936
1682, 934
1683, 1038
1684, 830
1685, 932
1686, 833
1687, 1037
1688, 939
1689, 835
1690, 932
1691, 831
1692, 30
1693, 336
1694, 130
1695, 1532
1696, 1530
1697, 1535
1698, 1437
1699, 934
1700, 1033
1701, 931
1702, 938
1703, 930
1704, 1036
1705, 1231
1706, 1439
1707, 1437
1708, 1530
1709, 3839
1710, 1535
1711, 1531
1712, 1139
1713, 1031
1714, 937
1715, 1032
1716, 1034
1717, 1131
1718, 3936
1719, 1531
1720, 30
1721, 30
1722, 30
1723, 30
1724, 30
1725, 30
1726, 31
1727, 30
1728, 30
1729, 30
1730, 30
1731, 31
1732, 938
1733, 738
1734, 937
1735, 739
1736, 1137
1737, 930
1738, 939
1739, 738
1740, 934
1741, 936
1742, 1035
1743, 830
1744, 1138
1745, 830
1746, 1038
1747, 836
1748, 930
1749, 1039
1750, 838
1751, 1135
1752, 736
1753, 1032
1754, 930
1755, 1034
1756, 1030
1757, 936
1758, 834
1759, 1336
1760, 834
1761, 1132
1762, 734
1763, 938
1764, 1030
1765, 1134
1766, 1030
1767, 832
1768, 836
1769, 1034
1770, 1033
1771, 936
1772, 839
1773, 736
1774, 935
1775, 937
1776, 1137
1777, 831
1778, 937
1779, 738
1780, 1136
1781, 1036
1782, 936
1783, 1037
1784, 934
1785, 938
1786, 1033
1787, 835
1788, 1331
1789, 837
1790, 1032
1791, 930
1792, 833
1793, 1231
1794, 835
1795, 1138
1796, 830
1797, 1032
1798, 1039
1799, 1034
1800, 938
1801, 836
1802, 833
1803, 1337
1804, 834
1805, 1130
1806, 739
1807, 932
1808, 932
1809, 1037
1810, 1036
1811, 733
1812, 932
1813, 937
1814, 1136
1815, 936
1816, 933
1817, 739
1818, 937
1819, 1032
1820, 1134
1821, 832
1822, 934
1823, 830
1824, 1131
1825, 836
1826, 934
1827, 1038
1828, 839
1829, 1033
1830, 934
1831, 935
1832, 2932
1833, 3638
1834, 3836
1835, 4033
1836, 3436
1837, 3831
1838, 4035
1839, 4033
1840, 3933
1841, 3934
1842, 3639
1843, 1336
1844, 1133
1845, 1431
1846, 1335
1847, 1336
1848, 4032
1849, 1838
1850, 3931
1851, 3839
1852, 3639
1853, 3839
1854, 4037
1855, 4039
1856, 4039
1857, 4038
1858, 3936
1859, 3934
1860, 3935
1861, 3935
1862, 3738
1863, 3839
1864, 3936
1865, 3839
1866, 3832
1867, 2334
1868, 1431
1869, 1031
1870, 839
1871, 936
1872, 836
1873, 1137
1874, 736
1875, 1031
1876, 1131
1877, 1032
1878, 935
1879, 933
1880, 833
1881, 1234
1882, 836
1883, 1132
1884, 739
1885, 938
1886, 1037
1887, 1132
1888, 1030
1889, 833
1890, 834
1891, 938
1892, 1134
1893, 934
1894, 839
1895, 736
1896, 935
1897, 936
1898, 1134
1899, 832
1900, 937
1901, 739
1902, 1134
1903, 937
1904, 935
1905, 737
1906, 935
1907, 1030
1908, 1035
1909, 837
1910, 1134
1911, 933
1912, 1030
1913, 932
1914, 833
1915, 1338
1916, 834
1917, 1136
1918, 738
1919, 1033
1920, 1037
1921, 1033
1922, 1033
1923, 930
1924, 833
1925, 1037
1926, 931
1927, 1135
1928, 833
1929, 931
1930, 937
1931, 1031
1932, 1039
1933, 733
1934, 935
1935, 836
1936, 1133
1937, 932
1938, 939
1939, 737
1940, 936
1941, 938
1942, 1131
1943, 832
1944, 936
1945, 832
1946, 1133
1947, 1033
1948, 934
1949, 935
1950, 835
1951, 1130
1952, 930
1953, 936
1954, 1033
1955, 1031
1956, 934
1957, 839
1958, 831
1959, 1230
1960, 833
1961, 1137
1962, 830
1963, 938
1964, 1137
1965, 938
1966, 938
1967, 935
1968, 837
1969, 1132
1970, 1031
1971, 1032
1972, 839
1973, 830
1974, 1132
1975, 937
1976, 1132
1977, 732
1978, 935
1979, 830
1980, 1134
1981, 933
1982, 939
1983, 739
1984, 935
1985, 938
1986, 1038
1987, 835
1988, 930
1989, 834
1990, 1033
1991, 1037
1992, 833
1993, 1233
1994, 830
1995, 1135
1996, 736
1997, 1030
1998, 1037
1999, 1032
2000, 936
2001, 930
2002, 835
2003, 1234
2004, 836
2005, 1137
2006, 737
2007, 936
2008, 933
2009, 935
2010, 1033
2011, 834
2012, 933
2013, 1037
2014, 1133
2015, 936
2016, 839
2017, 735
2018, 1136
2019, 930
2020, 1133
2021, 831
2022, 934
2023, 739
2024, 1132
2025, 938
2026, 936
2027, 832
2028, 932
2029, 1234
2030, 3932
2031, 3937
2032, 3738
2033, 4033
2034, 1431
2035, 1137
2036, 1130
2037, 3431
2038, 1339
2039, 1437
2040, 3834
2041, 1531
2042, 1534
2043, 1437
2044, 70
2045, 4036
2046, 3932
2047, 3935
2048, 3934
2049, 3933
2050, 3734
2051, 3930
2052, 3931
2053, 3932
2054, 3832
2055, 3134
2056, 1338
2057, 1032
2058, 939
2059, 934
2060, 1032
2061, 1030
2062, 935
2063, 832
2064, 1132
2065, 837
2066, 1134
2067, 736
2068, 1030
2069, 1035
2070, 1031
2071, 937
2072, 839
2073, 835
2074, 1333
2075, 932
2076, 1034
2077, 932
2078, 831
2079, 1133
2080, 936
2081, 1133
2082, 734
2083, 935
2084, 935
2085, 1134
2086, 933
2087, 936
2088, 738
2089, 935
2090, 934
2091, 1039
2092, 834
2093, 933
2094, 833
2095, 1036
2096, 1031
2097, 834
2098, 1232
2099, 830
2100, 1134
2101, 732
2102, 1031
2103, 1133
2104, 1032
2105, 1030
2106, 933
2107, 833
2108, 1132
2109, 837
2110, 1135
2111, 738
2112, 935
2113, 1333
2114, 934
2115, 1035
2116, 834
2117, 933
2118, 837
2119, 1136
2120, 935
2121, 838
2122, 735
2123, 1130
2124, 933
2125, 1134
2126, 739
2127, 934
2128, 738
2129, 1134
2130, 936
2131, 936
2132, 739
2133, 931
2134, 1034
2135, 1033
2136, 933
2137, 1231
2138, 935
2139, 933
2140, 933
2141, 830
2142, 1232
2143, 833
2144, 1136
2145, 730
2146, 1435
2147, 1136
2148, 1439
2149, 1439
2150, 1437
2151, 1033
2152, 1132
2153, 1133
2154, 1431
2155, 134
2156, 1535
2157, 1634
2158, 1138
2159, 1033
2160, 939
2161, 1037
2162, 3737
2163, 3839
2164, 4036
2165, 4035
2166, 4038
2167, 3833
2168, 3934
2169, 3936
2170, 1238
2171, 934
2172, 830
2173, 835
2174, 833
2175, 839
2176, 1435
2177, 1632
2178, 1331
2179, 936
2180, 939
2181, 1030
2182, 936
2183, 936
2184, 932
2185, 832
2186, 1038
2187, 836
2188, 1135
2189, 831
2190, 938
2191, 836
2192, 938
2193, 1035
2194, 834
2195, 934
2196, 933
2197, 1031
2198, 938
2199, 1030
2200, 738
2201, 1134
2202, 937
2203, 1133
2204, 732
2205, 933
2206, 936
2207, 1132
2208, 939
2209, 937
2210, 739
2211, 933
2212, 1034
2213, 936
2214, 932
2215, 738
2216, 937
2217, 937
2218, 1038
2219, 830
2220, 1232
2221, 736
2222, 1136
2223, 734
2224, 1031
2225, 1239
2226, 936
2227, 937
2228, 930
2229, 833
2230, 1238
2231, 838
2232, 1037
2233, 836
2234, 838
2235, 1231
2236, 834
2237, 1135
2238, 735
2239, 1031
2240, 1038
2241, 1137
2242, 936
2243, 938
2244, 830
2245, 1134
2246, 934
2247, 1132
2248, 731
2249, 931
2250, 831
2251, 1133
2252, 1034
2253, 838
2254, 931
2255, 738
2256, 1133
2257, 933
2258, 939
2259, 739
2260, 938
2261, 3430
2262, 3831
2263, 4030
2264, 3831
2265, 3936
2266, 1039
2267, 2637
2268, 3938
2269, 1439
2270, 4031
2271, 3937
2272, 3539
2273, 3933
2274, 3931
2275, 3839
2276, 3931
2277, 3639
2278, 3834
2279, 3739
2280, 3636
2281, 1137
2282, 939
2283, 1031
2284, 1036
2285, 839
2286, 833
2287, 932
2288, 938
2289, 1133
2290, 832
2291, 1532
2292, 737
2293, 1132
2294, 732
2295, 1032
2296, 1038
2297, 1031
2298, 937
2299, 837
2300, 835
2301, 1337
2302, 838
2303, 1132
2304, 837
2305, 838
2306, 1034
2307, 834
2308, 1136
2309, 734
2310, 1030
2311, 839
2312, 1137
2313, 936
2314, 934
2315, 736
2316, 1133
2317, 937
2318, 1133
2319, 734
2320, 930
2321, 830
2322, 1037
2323, 1031
2324, 838
2325, 839
2326, 831
2327, 1134
2328, 930
2329, 1030
2330, 733
2331, 938
2332, 938
2333, 1036
2334, 831
2335, 1139
2336, 833
2337, 1136
2338, 739
2339, 938
2340, 1330
2341, 937
2342, 1032
2343, 836
2344, 933
2345, 1235
2346, 1031
2347, 1030
2348, 935
2349, 832
2350, 1130
2351, 936
2352, 1133
2353, 733
2354, 934
2355, 937
2356, 1132
2357, 935
2358, 836
2359, 2733
2360, 3739
2361, 3934
2362, 1437
2363, 1336
2364, 1032
2365, 1034
2366, 1233
2367, 1434
2368, 1338
2369, 1030
2370, 1430
2371, 1131
2372, 1033
2373, 3835
2374, 3837
2375, 3730
2376, 3734
2377, 3831
2378, 3736
2379, 3732
2380, 1639
2381, 934
2382, 1135
2383, 830
2384, 1031
2385, 831
2386, 1138
2387, 1030
2388, 835
2389, 831
2390, 1034
2391, 1037
2392, 939
2393, 936
2394, 736
2395, 936
2396, 935
2397, 1135
2398, 831
2399, 936
2400, 830
2401, 1137
2402, 1031
2403, 936
2404, 930
2405, 934
2406, 937
2407, 1038
2408, 835
2409, 1139
2410, 934
2411, 1033
2412, 933
2413, 833
2414, 1134
2415, 835
2416, 1134
2417, 735
2418, 1031
2419, 1031
2420, 1032
2421, 938
2422, 933
2423, 835
2424, 1335
2425, 837
2426, 1131
2427, 834
2428, 931
2429, 1032
2430, 1030
2431, 1130
2432, 736
2433, 934
2434, 830
2435, 1133
2436, 935
2437, 938
2438, 737
2439, 935
2440, 939
2441, 1136
2442, 833
2443, 932
2444, 738
2445, 1131
2446, 936
2447, 932
2448, 1134
2449, 838
2450, 1130
2451, 736
2452, 939
2453, 1137
2454, 1031
2455, 934
2456, 930
2457, 831
2458, 1330
2459, 834
2460, 1136
2461, 731
2462, 938
2463, 1131
2464, 938
2465, 938
2466, 839
2467, 837
2468, 1031
2469, 1133
2470, 1030
2471, 835
2472, 736
2473, 1132
2474, 934
2475, 1131
2476, 739
2477, 934
2478, 738
2479, 1136
2480, 937
2481, 936
2482, 738
2483, 934
2484, 939
2485, 1038
2486, 835
2487, 839
2488, 838
2489, 1031
2490, 937
2491, 831
2492, 1437
2493, 833
2494, 1135
2495, 736
2496, 1033
2497, 938
2498, 1030
2499, 934
2500, 934
2501, 836
2502, 1138
2503, 835
2504, 1132
2505, 738
2506, 935
2507, 1338
2508, 1031
2509, 1039
2510, 830
2511, 932
2512, 935
2513, 1131
2514, 935
2515, 839
2516, 735
2517, 1033
2518, 937
2519, 1130
2520, 831
2521, 934
2522, 831
2523, 1132
2524, 935
2525, 934
2526, 933
2527, 835
2528, 1035
2529, 2437
2530, 31
2531, 333
2532, 1135
2533, 3530
2534, 1234
2535, 933
2536, 936
2537, 1034
2538, 3839
2539, 1337
2540, 1338
2541, 3635
2542, 31
2543, 337
2544, 30
2545, 3532
2546, 3435
2547, 3536
2548, 2633
2549, 1634
2550, 1033
2551, 936
2552, 937
2553, 931
2554, 935
2555, 836
2556, 930
2557, 932
2558, 838
2559, 934
2560, 1136
2561, 1736
2562, 1133
2563, 1130
2564, 836
2565, 839
2566, 838
2567, 1033
2568, 1130
2569, 831
2570, 837
2571, 739
2572, 1137
2573, 738
2574, 939
2575, 1133
2576, 1030
2577, 937
2578, 934
2579, 835
2580, 1231
2581, 835
2582, 1133
2583, 630
2584, 730
2585, 1237
2586, 1338
2587, 1430
2588, 1139
2589, 1033
2590, 1038
2591, 1134
2592, 1430
2593, 1338
2594, 1432
2595, 3830
2596, 3332
2597, 3331
2598, 3439
2599, 3536
2600, 3535
2601, 3535
2602, 3535
2603, 3535
2604, 3532
2605, 3533
2606, 3537
2607, 3536
2608, 3539
2609, 3630
2610, 4030
2611, 4039
2612, 4031
2613, 31
2614, 30
2615, 30
2616, 31
2617, 30
2618, 30
2619, 30
2620, 30
2621, 538
2622, 832
2623, 835
2624, 1138
2625, 935
2626, 1031
2627, 930
2628, 832
2629, 1037
2630, 834
2631, 1138
2632, 738
2633, 939
2634, 936
2635, 1131
2636, 935
2637, 838
2638, 739
2639, 1131
2640, 939
2641, 1038
2642, 833
2643, 930
2644, 838
2645, 1034
2646, 1038
2647, 832
2648, 936
2649, 830
2650, 1135
2651, 938
2652, 939
2653, 1133
2654, 935
2655, 938
2656, 1034
2657, 833
2658, 1331
2659, 831
2660, 1134
2661, 739
2662, 935
2663, 937
2664, 933
2665, 1039
2666, 738
2667, 1030
2668, 939
2669, 1032
2670, 934
2671, 932
2672, 738
2673, 1236
2674, 838
2675, 1230
2676, 736
2677, 1034
2678, 838
2679, 1234
2680, 932
2681, 933
2682, 739
2683, 837
2684, 1230
2685, 834
2686, 1234
2687, 630
2688, 1236
2689, 732
2690, 1631
2691, 532
2692, 1131
2693, 730
2694, 1330
2695, 736
2696, 1335
2697, 933
2698, 1631
2699, 832
2700, 1335
2701, 836
2702, 1537
2703, 1134
2704, 1032
2705, 1832
2706, 635
2707, 2136
2708, 731
2709, 2536
2710, 439
2711, 2430
2712, 931
2713, 2433
2714, 439
2715, 2431
2716, 630
2717, 1934
2718, 635
2719, 1531
2720, 534
2721, 1134
2722, 832
2723, 1230
2724, 932
2725, 831
2726, 839
2727, 830
2728, 1136
2729, 935
2730, 1031
2731, 735
2732, 939
2733, 933
2734, 1139
2735, 738
2736, 936
2737, 730
2738, 1232
2739, 731
2740, 1032
2741, 1130
2742, 1035
2743, 1033
2744, 835
2745, 934
2746, 930
2747, 935
2748, 1033
2749, 939
2750, 538
2751, 2238
2752, 531
2753, 1938
2754, 533
2755, 1435
2756, 730
2757, 1339
2758, 833
2759, 1130
2760, 737
2761, 1133
2762, 1230
2763, 834
2764, 1232
2765, 537
2766, 1431
2767, 636
2768, 1837
2769, 538
2770, 2130
2771, 730
2772, 2130
2773, 534
2774, 1936
2775, 434
2776, 2836
2777, 431
2778, 2733
2779, 439
2780, 2030
2781, 539
2782, 2037
2783, 932
2784, 832
2785, 1032
2786, 939
2787, 1139
2788, 738
2789, 1133
2790, 738
2791, 1137
2792, 831
2793, 1333
2794, 538
2795, 1531
2796, 531
2797, 1737
2798, 531
2799, 1631
2800, 632
2801, 1534
2802, 1134
2803, 837
2804, 1032
2805, 1032
2806, 1538
2807, 739
2808, 1636
2809, 633
2810, 1836
2811, 631
2812, 1939
2813, 536
2814, 1736
2815, 436
2816, 2337
2817, 733
2818, 1534
2819, 638
2820, 1335
2821, 939
2822, 1039
2823, 1430
2824, 1431
2825, 1235
2826, 937
2827, 1234
2828, 538
2829, 2235
2830, 532
2831, 1934
2832, 439
2833, 1631
2834, 830
2835, 1538
2836, 736
2837, 1237
2838, 834
2839, 1536
2840, 1237
2841, 937
2842, 1537
2843, 633
2844, 1930
2845, 736
2846, 1939
2847, 535
2848, 1731
2849, 636
2850, 1837
2851, 539
2852, 1535
2853, 537
2854, 1532
2855, 632
2856, 1532
2857, 639
2858, 1331
2859, 839
2860, 1132
2861, 1334
2862, 632
2863, 1434
2864, 638
2865, 1337
2866, 634
2867, 1136
2868, 1137
2869, 1133
2870, 930
2871, 1033
2872, 830
2873, 1533
2874, 832
2875, 1139
2876, 734
2877, 1030
2878, 1135
2879, 1036
2880, 1038
2881, 832
2882, 933
2883, 936
2884, 1134
2885, 934
2886, 838
2887, 736
2888, 1037
2889, 939
2890, 1134
2891, 831
2892, 1033
2893, 631
2894, 1431
2895, 830
2896, 1038
2897, 734
2898, 1033
2899, 1134
2900, 1131
2901, 1131
2902, 832
2903, 1139
2904, 737
2905, 1233
2906, 635
2907, 1737
2908, 635
2909, 1432
2910, 537
2911, 1230
2912, 839
2913, 1230
2914, 838
2915, 1038
2916, 739
2917, 1238
2918, 934
2919, 1031
2920, 1033
2921, 638
2922, 1539
2923, 739
2924, 1433
2925, 535
2926, 1137
2927, 834
2928, 1339
2929, 736
2930, 1137
2931, 636
2932, 1135
2933, 836
2934, 1238
2935, 735
2936, 1034
2937, 831
2938, 1030
2939, 1134
2940, 734
2941, 1237
2942, 637
2943, 1339
2944, 736
2945, 1237
2946, 834
2947, 1236
2948, 831
2949, 1134
2950, 637
2951, 1539
2952, 732
2953, 1334
2954, 732
2955, 1131
2956, 1136
2957, 1030
2958, 1132
2959, 732
2960, 1135
2961, 836
2962, 1236
2963, 737
2964, 1232
2965, 537
2966, 1434
2967, 736
2968, 1339
2969, 535
2970, 1136
2971, 736
2972, 1239
2973, 835
2974, 1133
2975, 730
2976, 1033
2977, 1037
2978, 1030
2979, 1036
2980, 636
2981, 1135
2982, 736
2983, 1435
2984, 632
2985, 1337
2986, 633
2987, 1433
2988, 539
2989, 1232
2990, 1133
2991, 1230
2992, 833
2993, 1130
2994, 733
2995, 1332
2996, 836
2997, 1039
2998, 934
2999, 736
3000, 1433
3001, 732
3002, 1437
3003, 534
3004, 1236
3005, 737
3006, 1437
3007, 539
3008, 1332
3009, 532
3010, 1630
3011, 736
3012, 1535
3013, 639
3014, 1239
3015, 730
3016, 1332
3017, 1135
3018, 733
3019, 1139
3020, 732
3021, 1634
3022, 636
3023, 1437
3024, 834
3025, 1434
3026, 731
3027, 1433
3028, 539
3029, 1537
3030, 637
3031, 1439
3032, 631
3033, 1237
3034, 938
3035, 1036
3036, 936
3037, 735
3038, 1130
3039, 1030
3040, 1335
3041, 733
3042, 1335
3043, 539
3044, 1639
3045, 732
3046, 1633
3047, 536
3048, 1237
3049, 739
3050, 1436
3051, 830
3052, 1135
3053, 634
3054, 1133
3055, 935
3056, 1035
3057, 1032
3058, 637
3059, 1134
3060, 737
3061, 1338
3062, 535
3063, 1338
3064, 636
3065, 1539
3066, 635
3067, 1333
3068, 735
3069, 1332
3070, 832
3071, 1230
3072, 731
3073, 1631
3074, 738
3075, 1230
3076, 930
3077, 834
3078, 1439
3079, 735
3080, 1631
3081, 632
3082, 1438
3083, 1134
3084, 1330
3085, 736
3086, 1232
3087, 637
3088, 1333
3089, 831
3090, 1238
3091, 632
3092, 1038
3093, 637
3094, 1235
3095, 933
3096, 936
3097, 832
3098, 834
3099, 1135
3100, 1030
3101, 1237
3102, 531
3103, 1330
3104, 639
3105, 1534
3106, 537
3107, 1436
3108, 536
3109, 1435
3110, 538
3111, 1236
3112, 930
3113, 1136
3114, 931
3115, 935
3116, 934
3117, 839
3118, 1230
3119, 830
3120, 1139
3121, 630
3122, 1535
3123, 632
3124, 1532
3125, 537
3126, 1330
3127, 631
3128, 1439
3129, 736
3130, 1134
3131, 633
3132, 1337
3133, 930
3134, 1232
3135, 835
3136, 837
3137, 939
3138, 838
3139, 1439
3140, 538
3141, 1335
3142, 637
3143, 1636
3144, 731
3145, 1431
3146, 631
3147, 1336
3148, 734
3149, 1236
3150, 635
3151, 1634
3152, 637
3153, 1434
3154, 736
3155, 1131
3156, 1331
3157, 932
3158, 1438
3159, 534
3160, 1436
3161, 1035
3162, 1536
3163, 634
3164, 1432
3165, 532
3166, 1738
3167, 639
3168, 1533
3169, 535
3170, 1238
3171, 734
3172, 1436
3173, 833
3174, 1130
3175, 737
3176, 838
3177, 1237
3178, 738
3179, 1331
3180, 539
3181, 1336
3182, 839
3183, 1133
3184, 1336
3185, 1436
3186, 1335
3187, 1531
3188, 134
3189, 1133
3190, 1034
3191, 938
3192, 235
3193, 130
3194, 336
3195, 1731
3196, 1338
3197, 39
3198, 730
3199, 1533
3200, 1538
3201, 1336
3202, 937
3203, 835
3204, 1439
3205, 1537
3206, 1634
3207, 1336
3208, 1533
3209, 1430
3210, 1036
3211, 830
3212, 1031
3213, 732
3214, 933
3215, 639
3216, 838
3217, 734
3218, 834
3219, 837
3220, 836
3221, 932
3222, 837
3223, 837
3224, 737
3225, 832
3226, 739
3227, 932
3228, 737
3229, 1132
3230, 737
3231, 937
3232, 637
3233, 934
3234, 736
3235, 932
3236, 733
3237, 831
3238, 738
3239, 838
3240, 833
3241, 833
3242, 834
3243, 831
3244, 930
3245, 739
3246, 934
3247, 734
3248, 931
3249, 730
3250, 935
3251, 730
3252, 932
3253, 635
3254, 934
3255, 637
3256, 930
3257, 732
3258, 838
3259, 837
3260, 930
3261, 933
3262, 739
3263, 1133
3264, 1034
3265, 1636
3266, 730
3267, 1332
3268, 730
3269, 1238
3270, 737
3271, 1434
3272, 637
3273, 1631
3274, 736
3275, 1236
3276, 737
3277, 930
3278, 1335
3279, 734
3280, 1434
3281, 535
3282, 1335
3283, 832
3284, 1431
3285, 730
3286, 1236
3287, 539
3288, 1636
3289, 736
3290, 1338
3291, 636
3292, 1234
3293, 738
3294, 1335
3295, 838
3296, 936
3297, 837
3298, 833
3299, 1330
3300, 736
3301, 1237
3302, 630
3303, 1237
3304, 731
3305, 1431
3306, 630
3307, 1233
3308, 631
3309, 1436
3310, 735
3311, 1231
3312, 732
3313, 1232
3314, 833
3315, 1036
3316, 831
3317, 1336
3318, 1030
3319, 932
3320, 1038
3321, 633
3322, 1438
3323, 638
3324, 1534
3325, 534
3326, 1337
3327, 939
3328, 1335
3329, 734
3330, 1233
3331, 635
3332, 1436
3333, 739
3334, 1336
3335, 634
3336, 1035
3337, 935
3338, 1038
3339, 1136
3340, 730
3341, 1135
3342, 634
3343, 1438
3344, 733
3345, 1332
3346, 536
3347, 1239
3348, 731
3349, 1432
3350, 632
3351, 1234
3352, 633
3353, 1431
3354, 739
3355, 1136
3356, 931
3357, 1034
3358, 1033
3359, 835
3360, 1130
3361, 1137
3362, 1237
3363, 734
3364, 1236
3365, 630
3366, 1531
3367, 632
3368, 1532
3369, 535
3370, 1239
3371, 936
3372, 1234
3373, 739
3374, 1135
3375, 632
3376, 1335
3377, 932
3378, 1235
3379, 731
3380, 838
3381, 1135
3382, 832
3383, 1337
3384, 632
3385, 1234
3386, 637
3387, 1438
3388, 737
3389, 1237
3390, 631
3391, 1231
3392, 832
3393, 1331
3394, 638
3395, 1234
3396, 636
3397, 1238
3398, 735
3399, 1032
3400, 1136
3401, 835
3402, 1238
3403, 633
3404, 1234
3405, 1137
3406, 1239
3407, 737
3408, 1138
3409, 633
3410, 1632
3411, 639
3412, 1336
3413, 636
3414, 1137
3415, 1035
3416, 1334
3417, 834
3418, 939
3419, 732
3420, 1131
3421, 1038
3422, 935
3423, 1030
3424, 636
3425, 1136
3426, 830
3427, 1431
3428, 631
3429, 1139
3430, 636
3431, 1430
3432, 832
3433, 1138
3434, 836
3435, 1135
3436, 831
3437, 1237
3438, 732
3439, 1335
3440, 830
3441, 1039
3442, 838
3443, 832
3444, 1135
3445, 734
3446, 1332
3447, 636
3448, 1231
3449, 738
3450, 1232
3451, 834
3452, 1034
3453, 730
3454, 1533
3455, 837
3456, 1330
3457, 634
3458, 1131
3459, 839
3460, 1230
3461, 934
3462, 834
3463, 838
3464, 738
3465, 1235
3466, 931
3467, 1038
3468, 639
3469, 1039
3470, 835
3471, 1235
3472, 731
3473, 1038
3474, 732
3475, 1239
3476, 832
3477, 1130
3478, 1039
3479, 1035
3480, 839
3481, 1038
3482, 834
3483, 1333
3484, 938
3485, 936
3486, 1033
3487, 736
3488, 1334
3489, 734
3490, 938
3491, 1033
3492, 1436
3493, 234
3494, 1333
3495, 1335
3496, 1135
3497, 932
3498, 1038
3499, 936
3500, 1234
3501, 1136
3502, 1534
3503, 238
3504, 1533
3505, 1432
3506, 1532
3507, 1532
3508, 1239
3509, 1037
3510, 1439
3511, 1534
3512, 1533
3513, 1530
3514, 31
3515, 30
3516, 30
3517, 30
3518, 30
3519, 30
3520, 31
3521, 30
3522, 30
3523, 31
3524, 30
3525, 31
3526, 30
3527, 30
3528, 30
3529, 30
3530, 31
3531, 31
3532, 31
3533, 30
3534, 34
3535, 30
3536, 1536
3537, 1032
3538, 1135
3539, 932
3540, 938
3541, 738
3542, 1331
3543, 938
3544, 1034
3545, 931
3546, 735
3547, 1138
3548, 834
3549, 1233
3550, 634
3551, 1035
3552, 638
3553, 1238
3554, 931
3555, 1039
3556, 731
3557, 1033
3558, 839
3559, 1233
3560, 735
3561, 1032
3562, 737
3563, 1132
3564, 1030
3565, 836
3566, 1235
3567, 739
3568, 1139
3569, 731
3570, 1132
3571, 1235
3572, 1136
3573, 835
3574, 1038
3575, 733
3576, 1137
3577, 738
3578, 1239
3579, 639
3580, 1133
3581, 1038
3582, 1036
3583, 935
3584, 931
3585, 839
3586, 1034
3587, 1134
3588, 931
3589, 936
3590, 731
3591, 1139
3592, 835
3593, 1233
3594, 637
3595, 939
3596, 734
3597, 1234
3598, 932
3599, 1034
3600, 737
3601, 1032
3602, 936
3603, 1135
3604, 832
3605, 1433
3606, 838
3607, 1030
3608, 1036
3609, 830
3610, 1030
3611, 739
3612, 1234
3613, 730
3614, 1037
3615, 830
3616, 1037
