1, 538
2, 1334
3, 935
4, 1331
5, 734
6, 1139
7, 636
8, 1333
9, 639
10, 1338
11, 635
12, 1133
13, 932
14, 1034
15, 1034
16, 833
17, 1037
18, 738
19, 1331
20, 831
21, 1137
22, 538
23, 1430
24, 639
25, 1436
26, 536
27, 1230
28, 631
29, 1337
30, 737
31, 1231
32, 633
33, 1137
34, 837
35, 1139
36, 930
37, 937
38, 1130
39, 1035
40, 1133
41, 838
42, 1139
43, 738
44, 1138
45, 735
46, 1032
47, 1139
48, 1031
49, 938
50, 839
51, 835
52, 1039
53, 838
54, 1134
55, 830
56, 935
57, 1131
58, 931
59, 1131
60, 735
61, 1030
62, 1035
63, 1132
64, 936
65, 837
66, 735
67, 1134
68, 930
69, 1134
70, 733
71, 933
72, 739
73, 1134
74, 937
75, 934
76, 832
77, 836
78, 1034
79, 1034
80, 931
81, 1036
82, 933
83, 936
84, 935
85, 739
86, 1332
87, 831
88, 1136
89, 735
90, 1030
91, 1034
92, 1031
93, 1030
94, 932
95, 835
96, 1334
97, 837
98, 1130
99, 830
100, 930
101, 1332
102, 1034
103, 1133
104, 733
105, 932
106, 935
107, 1131
108, 936
109, 839
110, 737
111, 935
112, 936
113, 1132
114, 832
115, 931
116, 830
117, 1136
118, 939
119, 931
120, 833
121, 838
122, 1038
123, 938
124, 935
125, 1234
126, 937
127, 937
128, 931
129, 832
130, 1339
131, 834
132, 1135
133, 734
134, 937
135, 936
136, 939
137, 939
138, 839
139, 835
140, 1036
141, 838
142, 1038
143, 833
144, 830
145, 1133
146, 934
147, 1132
148, 731
149, 933
150, 830
151, 1230
152, 932
153, 939
154, 739
155, 934
156, 939
157, 1130
158, 834
159, 932
160, 739
161, 1038
162, 1032
163, 931
164, 937
165, 832
166, 1133
167, 831
168, 937
169, 1130
170, 1031
171, 936
172, 934
173, 830
174, 1337
175, 834
176, 1136
177, 830
178, 937
179, 1237
180, 934
181, 1031
182, 838
183, 838
184, 1037
185, 1037
186, 1031
187, 930
188, 737
189, 1134
190, 934
191, 1135
192, 733
193, 934
194, 738
195, 1135
196, 936
197, 934
198, 739
199, 933
200, 1032
201, 1038
202, 834
203, 934
204, 832
205, 1036
206, 934
207, 834
208, 1035
209, 835
210, 1137
211, 735
212, 1032
213, 1036
214, 1033
215, 937
216, 934
217, 833
218, 1132
219, 836
220, 1132
221, 738
222, 936
223, 931
224, 936
225, 1033
226, 837
227, 838
228, 1034
229, 1038
230, 939
231, 836
232, 733
233, 1135
234, 937
235, 1131
236, 830
237, 934
238, 737
239, 1137
240, 933
241, 1033
242, 732
243, 1032
244, 934
245, 1137
246, 831
247, 1032
248, 833
249, 1037
250, 936
251, 831
252, 1233
253, 834
254, 1233
255, 733
256, 1037
257, 835
258, 1039
259, 935
260, 938
261, 831
262, 1337
263, 830
264, 1235
265, 639
266, 1034
267, 1132
268, 1136
269, 938
270, 838
271, 839
272, 936
273, 1139
274, 836
275, 1238
276, 535
277, 1339
278, 638
279, 1534
280, 630
281, 1239
282, 630
283, 1436
284, 737
285, 1234
286, 633
287, 1134
288, 933
289, 1136
290, 1031
291, 1031
292, 1134
293, 734
294, 1332
295, 539
296, 1837
297, 635
298, 1630
299, 533
300, 1432
301, 739
302, 1339
303, 739
304, 1230
305, 637
306, 1337
307, 732
308, 1334
309, 835
310, 937
311, 936
312, 1032
313, 1130
314, 734
315, 935
316, 935
317, 1135
318, 934
319, 934
320, 737
321, 934
322, 938
323, 1137
324, 832
325, 933
326, 739
327, 1131
328, 1030
329, 934
330, 1231
331, 838
332, 1035
333, 834
334, 937
335, 1135
336, 1031
337, 936
338, 930
339, 830
340, 1339
341, 832
342, 1139
343, 739
344, 938
345, 1033
346, 938
347, 939
348, 839
349, 835
350, 1231
351, 937
352, 1038
353, 834
354, 830
355, 1039
356, 937
357, 1134
358, 732
359, 932
360, 739
361, 1136
362, 938
363, 939
364, 738
365, 932
366, 937
367, 1031
368, 831
369, 931
370, 831
371, 1130
372, 932
373, 839
374, 1134
375, 833
376, 1130
377, 833
378, 938
379, 930
380, 1034
381, 937
382, 1030
383, 833
384, 1039
385, 834
386, 1136
387, 737
388, 939
389, 1038
390, 938
391, 1033
392, 839
393, 838
394, 1036
395, 1038
396, 1032
397, 831
398, 736
399, 1133
400, 930
401, 1133
402, 734
403, 933
404, 736
405, 1136
406, 936
407, 935
408, 737
409, 936
410, 939
411, 1136
412, 832
413, 1033
414, 833
415, 1039
416, 838
417, 836
418, 1137
419, 836
420, 1134
421, 734
422, 939
423, 1034
424, 1032
425, 935
426, 935
427, 833
428, 1333
429, 835
430, 1135
431, 734
432, 936
433, 1237
434, 1139
435, 1031
436, 830
437, 834
438, 1030
439, 1035
440, 937
441, 836
442, 738
443, 936
444, 937
445, 1134
446, 831
447, 937
448, 736
449, 1136
450, 934
451, 935
452, 739
453, 933
454, 1031
455, 1031
456, 835
457, 1432
458, 834
459, 1034
460, 930
461, 834
462, 1039
463, 833
464, 1136
465, 738
466, 1031
467, 1039
468, 1033
469, 1030
470, 838
471, 836
472, 1236
473, 838
474, 1133
475, 737
476, 934
477, 1131
478, 1039
479, 1035
480, 738
481, 838
482, 935
483, 1039
484, 935
485, 839
486, 737
487, 934
488, 937
489, 1134
490, 830
491, 931
492, 739
493, 1132
494, 1033
495, 935
496, 837
497, 933
498, 1032
499, 939
500, 837
501, 1331
502, 839
503, 938
504, 839
505, 831
506, 1333
507, 834
508, 1137
509, 737
510, 1031
511, 1032
512, 939
513, 939
514, 931
515, 835
516, 839
517, 738
518, 1238
519, 1333
520, 1438
521, 1434
522, 1530
523, 830
524, 732
525, 730
526, 833
527, 1038
528, 1432
529, 1438
530, 1432
531, 1336
532, 1433
533, 1233
534, 932
535, 935
536, 1032
537, 1335
538, 1438
539, 1533
540, 30
541, 30
542, 30
543, 30
544, 30
545, 30
546, 30
547, 30
548, 30
549, 30
550, 138
551, 30
552, 30
553, 1232
554, 1130
555, 930
556, 939
557, 937
558, 837
559, 833
560, 1238
561, 930
562, 1039
563, 831
564, 838
565, 1231
566, 933
567, 1131
568, 639
569, 934
570, 936
571, 1131
572, 932
573, 839
574, 739
575, 932
576, 1031
577, 1133
578, 831
579, 931
580, 737
581, 1038
582, 939
583, 932
584, 932
585, 836
586, 1039
587, 933
588, 936
589, 1230
590, 932
591, 937
592, 931
593, 833
594, 1231
595, 835
596, 1134
597, 737
598, 1030
599, 930
600, 938
601, 1032
602, 932
603, 838
604, 1138
605, 934
606, 1035
607, 930
608, 832
609, 1038
610, 937
611, 1135
612, 736
613, 935
614, 935
615, 1133
616, 934
617, 837
618, 736
619, 934
620, 938
621, 1039
622, 834
623, 932
624, 834
625, 1039
626, 935
627, 838
628, 839
629, 830
630, 1134
631, 933
632, 937
633, 1034
634, 937
635, 939
636, 933
637, 834
638, 1232
639, 835
640, 1131
641, 735
642, 1031
643, 933
644, 1434
645, 1339
646, 1337
647, 1335
648, 934
649, 839
650, 937
651, 1135
652, 1531
653, 1338
654, 1532
655, 1130
656, 932
657, 930
658, 930
659, 930
660, 839
661, 837
662, 837
663, 1239
664, 1438
665, 31
666, 30
667, 30
668, 30
669, 30
670, 30
671, 30
672, 30
673, 30
674, 30
675, 30
676, 1436
677, 1038
678, 936
679, 937
680, 1030
681, 834
682, 1330
683, 835
684, 1131
685, 734
686, 935
687, 1033
688, 936
689, 1036
690, 832
691, 936
692, 1037
693, 939
694, 936
695, 932
696, 831
697, 1137
698, 932
699, 1135
700, 735
701, 934
702, 936
703, 1130
704, 935
705, 835
706, 736
707, 933
708, 1033
709, 1033
710, 931
711, 834
712, 838
713, 1031
714, 1132
715, 830
716, 932
717, 736
718, 1137
719, 1030
720, 939
721, 1032
722, 935
723, 937
724, 839
725, 832
726, 1432
727, 836
728, 1130
729, 735
730, 931
731, 1234
732, 930
733, 1132
734, 738
735, 938
736, 1034
737, 1031
738, 938
739, 931
740, 833
741, 1235
742, 1032
743, 1039
744, 639
745, 839
746, 937
747, 1130
748, 936
749, 836
750, 738
751, 839
752, 1034
753, 1031
754, 932
755, 738
756, 933
757, 936
758, 1036
759, 739
760, 934
761, 737
762, 1136
763, 936
764, 936
765, 1138
766, 931
767, 936
768, 839
769, 835
770, 1238
771, 838
772, 1037
773, 837
774, 838
775, 937
776, 835
777, 1335
778, 1334
779, 1432
780, 1434
781, 1137
782, 931
783, 837
784, 837
785, 1130
786, 1034
787, 1431
788, 1530
789, 1530
790, 1433
791, 1136
792, 839
793, 836
794, 838
795, 1136
796, 1439
797, 1531
798, 1437
799, 31
800, 30
801, 30
802, 31
803, 30
804, 30
805, 30
806, 535
807, 731
808, 935
809, 1037
810, 933
811, 838
812, 839
813, 835
814, 1433
815, 930
816, 1032
817, 834
818, 833
819, 938
820, 836
821, 1134
822, 737
823, 1032
824, 1136
825, 939
826, 939
827, 932
828, 833
829, 1035
830, 935
831, 1130
832, 737
833, 932
834, 939
835, 1130
836, 1034
837, 832
838, 836
839, 830
840, 1136
841, 934
842, 936
843, 739
844, 935
845, 936
846, 1133
847, 834
848, 935
849, 831
850, 1132
851, 933
852, 936
853, 1135
854, 839
855, 1030
856, 833
857, 930
858, 1237
859, 934
860, 937
861, 933
862, 832
863, 1336
864, 833
865, 1135
866, 735
867, 1031
868, 1230
869, 1030
870, 939
871, 932
872, 738
873, 1130
874, 939
875, 1039
876, 733
877, 836
878, 1032
879, 934
880, 1036
881, 832
882, 935
883, 738
884, 1136
885, 933
886, 937
887, 736
888, 935
889, 935
890, 1038
891, 831
892, 930
893, 738
894, 1131
895, 930
896, 935
897, 1232
898, 932
899, 1034
900, 833
901, 935
902, 935
903, 1030
904, 938
905, 939
906, 831
907, 1130
908, 835
909, 1137
910, 735
911, 938
912, 1230
913, 1236
914, 837
915, 1134
916, 1233
917, 1334
918, 1439
919, 1337
920, 930
921, 1035
922, 937
923, 935
924, 931
925, 835
926, 939
927, 1030
928, 1135
929, 1431
930, 1336
931, 1333
932, 1432
933, 1133
934, 1030
935, 933
936, 1130
937, 1032
938, 1530
939, 1436
940, 31
941, 31
942, 30
943, 30
944, 30
945, 30
946, 30
947, 30
948, 30
949, 938
950, 838
951, 1130
952, 732
953, 1133
954, 930
955, 1034
956, 935
957, 838
958, 931
959, 930
960, 933
961, 1031
962, 938
963, 1032
964, 835
965, 938
966, 1038
967, 739
968, 1130
969, 738
970, 1036
971, 739
972, 1137
973, 935
974, 935
975, 831
976, 936
977, 938
978, 1036
979, 834
980, 1331
981, 830
982, 1034
983, 833
984, 837
985, 1032
986, 833
987, 1133
988, 737
989, 1030
990, 1131
991, 1030
992, 938
993, 838
994, 833
995, 1437
996, 835
997, 1136
998, 735
999, 930
1000, 1136
1001, 1131
1002, 1031
1003, 830
1004, 835
1005, 1030
1006, 1133
1007, 937
1008, 936
1009, 739
1010, 936
1011, 938
1012, 1135
1013, 830
1014, 934
1015, 737
1016, 1134
1017, 933
1018, 937
1019, 933
1020, 932
1021, 1031
1022, 939
1023, 835
1024, 1138
1025, 932
1026, 1032
1027, 837
1028, 832
1029, 1339
1030, 834
1031, 1134
1032, 737
1033, 1032
1034, 1032
1035, 1030
1036, 937
1037, 838
1038, 833
1039, 1336
1040, 836
1041, 1131
1042, 832
1043, 931
1044, 1031
1045, 1034
1046, 1036
1047, 736
1048, 931
1049, 834
1050, 1134
1051, 934
1052, 938
1053, 738
1054, 934
1055, 938
1056, 1038
1057, 833
1058, 935
1059, 739
1060, 1134
1061, 936
1062, 935
1063, 1035
1064, 931
1065, 1032
1066, 930
1067, 931
1068, 1136
1069, 938
1070, 938
1071, 839
1072, 832
1073, 1135
1074, 831
1075, 1134
1076, 838
1077, 1036
1078, 934
1079, 1035
1080, 933
1081, 1035
1082, 931
1083, 1033
1084, 933
1085, 938
1086, 1235
1087, 1239
1088, 1430
1089, 1236
1090, 836
1091, 738
1092, 738
1093, 732
1094, 835
1095, 1030
1096, 1130
1097, 1239
1098, 1436
1099, 1437
1100, 1531
1101, 934
1102, 937
1103, 838
1104, 1035
1105, 1434
1106, 1535
1107, 30
1108, 30
1109, 30
1110, 30
1111, 30
1112, 30
1113, 30
1114, 30
1115, 33
1116, 834
1117, 1132
1118, 832
1119, 1134
1120, 737
1121, 938
1122, 1032
1123, 937
1124, 1031
1125, 835
1126, 837
1127, 1136
1128, 1035
1129, 1030
1130, 932
1131, 739
1132, 1132
1133, 932
1134, 1130
1135, 731
1136, 935
1137, 737
1138, 1136
1139, 935
1140, 936
1141, 737
1142, 931
1143, 938
1144, 1039
1145, 832
1146, 836
1147, 832
1148, 1037
1149, 1030
1150, 836
1151, 1335
1152, 835
1153, 1133
1154, 737
1155, 1031
1156, 1032
1157, 1034
1158, 933
1159, 935
1160, 834
1161, 1339
1162, 837
1163, 1135
1164, 737
1165, 935
1166, 1031
1167, 934
1168, 1030
1169, 838
1170, 838
1171, 938
1172, 1131
1173, 936
1174, 836
1175, 735
1176, 1133
1177, 932
1178, 1132
1179, 830
1180, 934
1181, 738
1182, 1134
1183, 937
1184, 937
1185, 739
1186, 933
1187, 1030
1188, 1037
1189, 836
1190, 930
1191, 836
1192, 939
1193, 1035
1194, 832
1195, 1231
1196, 833
1197, 1136
1198, 736
1199, 1030
1200, 939
1201, 1031
1202, 938
1203, 936
1204, 835
1205, 1130
1206, 838
1207, 1134
1208, 738
1209, 933
1210, 1132
1211, 1030
1212, 1037
1213, 739
1214, 839
1215, 934
1216, 1131
1217, 935
1218, 838
1219, 735
1220, 1032
1221, 936
1222, 1130
1223, 831
1224, 932
1225, 738
1226, 1132
1227, 937
1228, 935
1229, 831
1230, 839
1231, 1031
1232, 1030
1233, 930
1234, 935
1235, 933
1236, 935
1237, 936
1238, 831
1239, 1239
1240, 832
1241, 1137
1242, 735
1243, 939
1244, 1034
1245, 1031
1246, 938
1247, 932
1248, 834
1249, 1139
1250, 837
1251, 1038
1252, 833
1253, 930
1254, 1031
1255, 939
1256, 1133
1257, 738
1258, 834
1259, 1130
1260, 1130
1261, 1238
1262, 1436
1263, 1430
1264, 936
1265, 836
1266, 835
1267, 736
1268, 832
1269, 830
1270, 1037
1271, 1139
1272, 1439
1273, 1439
1274, 1437
1275, 1039
1276, 937
1277, 931
1278, 1037
1279, 1136
1280, 1436
1281, 1438
1282, 1433
1283, 30
1284, 30
1285, 30
1286, 30
1287, 30
1288, 30
1289, 30
1290, 30
1291, 335
1292, 739
1293, 1233
1294, 934
1295, 1036
1296, 1033
1297, 830
1298, 1135
1299, 937
1300, 1133
1301, 738
1302, 936
1303, 934
1304, 1133
1305, 936
1306, 837
1307, 739
1308, 933
1309, 939
1310, 1037
1311, 834
1312, 930
1313, 832
1314, 1035
1315, 1037
1316, 837
1317, 932
1318, 830
1319, 1134
1320, 837
1321, 938
1322, 837
1323, 1032
1324, 937
1325, 932
1326, 834
1327, 1039
1328, 837
1329, 1133
1330, 738
1331, 938
1332, 1138
1333, 938
1334, 1032
1335, 834
1336, 931
1337, 1034
1338, 1031
1339, 938
1340, 935
1341, 739
1342, 1132
1343, 939
1344, 1131
1345, 731
1346, 933
1347, 937
1348, 1035
1349, 937
1350, 935
1351, 738
1352, 932
1353, 1032
1354, 1037
1355, 837
1356, 837
1357, 839
1358, 939
1359, 1133
1360, 832
1361, 1336
1362, 737
1363, 1138
1364, 732
1365, 1032
1366, 1134
1367, 1033
1368, 939
1369, 839
1370, 835
1371, 1336
1372, 836
1373, 1134
1374, 737
1375, 935
1376, 1234
1377, 933
1378, 1039
1379, 830
1380, 937
1381, 1230
1382, 1134
1383, 937
1384, 933
1385, 736
1386, 1134
1387, 934
1388, 1132
1389, 733
1390, 931
1391, 836
1392, 1035
1393, 936
1394, 932
1395, 933
1396, 1332
1397, 1434
1398, 232
1399, 30
1400, 30
1401, 30
1402, 730
1403, 633
1404, 730
1405, 1139
1406, 1330
1407, 1333
1408, 1138
1409, 1037
1410, 835
1411, 832
1412, 739
1413, 832
1414, 930
1415, 1539
1416, 1438
1417, 32
1418, 30
1419, 30
1420, 30
1421, 30
1422, 30
1423, 30
1424, 31
1425, 30
1426, 30
1427, 536
1428, 1134
1429, 835
1430, 1332
1431, 1031
1432, 1132
1433, 733
1434, 932
1435, 937
1436, 1032
1437, 937
1438, 830
1439, 836
1440, 832
1441, 1131
1442, 937
1443, 936
1444, 738
1445, 934
1446, 936
1447, 1036
1448, 831
1449, 1039
1450, 739
1451, 1134
1452, 937
1453, 935
1454, 1131
1455, 934
1456, 938
1457, 834
1458, 836
1459, 1031
1460, 933
1461, 1032
1462, 836
1463, 832
1464, 1438
1465, 833
1466, 1138
1467, 734
1468, 939
1469, 1130
1470, 1132
1471, 937
1472, 931
1473, 739
1474, 1131
1475, 1032
1476, 1130
1477, 732
1478, 930
1479, 835
1480, 1035
1481, 1030
1482, 834
1483, 932
1484, 738
1485, 1135
1486, 931
1487, 937
1488, 737
1489, 937
1490, 937
1491, 1135
1492, 832
1493, 1331
1494, 739
1495, 1132
1496, 937
1497, 935
1498, 1230
1499, 934
1500, 1033
1501, 836
1502, 931
1503, 934
1504, 1030
1505, 1130
1506, 1032
1507, 933
1508, 1439
1509, 1338
1510, 1432
1511, 1431
1512, 1030
1513, 933
1514, 933
1515, 936
1516, 931
1517, 935
1518, 1134
1519, 1434
1520, 1530
1521, 1433
1522, 1530
1523, 1333
1524, 939
1525, 934
1526, 1030
1527, 1430
1528, 1438
1529, 1533
1530, 1434
1531, 30
1532, 30
1533, 30
1534, 31
1535, 30
1536, 30
1537, 31
1538, 35
1539, 31
1540, 432
1541, 831
1542, 1032
1543, 837
1544, 1038
1545, 735
1546, 937
1547, 1131
1548, 938
1549, 937
1550, 932
1551, 833
1552, 1139
1553, 832
1554, 1135
1555, 738
1556, 936
1557, 936
1558, 1132
1559, 937
1560, 834
1561, 830
1562, 1036
1563, 1031
1564, 1035
1565, 838
1566, 739
1567, 937
1568, 937
1569, 1131
1570, 831
1571, 936
1572, 738
1573, 1136
1574, 939
1575, 938
1576, 739
1577, 933
1578, 938
1579, 1034
1580, 832
1581, 1137
1582, 832
1583, 1130
1584, 834
1585, 837
1586, 1033
1587, 835
1588, 1132
1589, 830
1590, 939
1591, 934
1592, 1033
1593, 938
1594, 934
1595, 834
1596, 1337
1597, 834
1598, 1133
1599, 734
1600, 934
1601, 1036
1602, 1039
1603, 939
1604, 831
1605, 835
1606, 1031
1607, 1132
1608, 934
1609, 937
1610, 737
1611, 933
1612, 938
1613, 1133
1614, 739
1615, 935
1616, 735
1617, 1132
1618, 936
1619, 934
1620, 933
1621, 933
1622, 1030
1623, 936
1624, 835
1625, 1131
1626, 831
1627, 1232
1628, 1230
1629, 1430
1630, 1431
1631, 937
1632, 1030
1633, 839
1634, 931
1635, 1031
1636, 935
1637, 1130
1638, 1138
1639, 1436
1640, 1439
1641, 1436
1642, 1435
1643, 935
1644, 935
1645, 938
1646, 1131
1647, 1530
1648, 1532
1649, 1438
1650, 1032
1651, 839
1652, 930
1653, 839
1654, 931
1655, 931
1656, 933
1657, 1031
1658, 1433
1659, 1036
1660, 831
1661, 1133
1662, 937
1663, 934
1664, 1039
1665, 930
1666, 1037
1667, 839
1668, 934
1669, 1032
1670, 939
1671, 935
1672, 933
1673, 832
1674, 1136
1675, 835
1676, 1137
1677, 734
1678, 939
1679, 1137
1680, 939
1681, 1030
1682, 934
1683, 833
1684, 1037
1685, 1036
1686, 1037
1687, 739
1688, 830
1689, 1038
1690, 933
1691, 1133
1692, 734
1693, 934
1694, 737
1695, 1135
1696, 934
1697, 939
1698, 736
1699, 934
1700, 939
1701, 1038
1702, 832
1703, 1234
1704, 739
1705, 1036
1706, 738
1707, 839
1708, 937
1709, 837
1710, 1133
1711, 738
1712, 1031
1713, 931
1714, 1032
1715, 939
1716, 932
1717, 832
1718, 1538
1719, 831
1720, 1134
1721, 736
1722, 937
1723, 1034
1724, 1135
1725, 939
1726, 834
1727, 830
1728, 1033
1729, 1035
1730, 934
1731, 1332
1732, 1337
1733, 1333
1734, 1432
1735, 1339
1736, 934
1737, 838
1738, 839
1739, 1037
1740, 1132
1741, 1439
1742, 1435
1743, 1433
1744, 1135
1745, 1034
1746, 934
1747, 934
1748, 1031
1749, 1436
1750, 1437
1751, 1532
1752, 1535
1753, 936
1754, 231
1755, 30
1756, 638
1757, 831
1758, 832
1759, 832
1760, 832
1761, 837
1762, 933
1763, 1239
1764, 1237
1765, 830
1766, 931
1767, 931
1768, 1130
1769, 1036
1770, 738
1771, 931
1772, 936
1773, 1035
1774, 935
1775, 938
1776, 737
1777, 937
1778, 938
1779, 1131
1780, 831
1781, 933
1782, 830
1783, 1131
1784, 936
1785, 935
1786, 939
1787, 838
1788, 1032
1789, 836
1790, 931
1791, 1232
1792, 937
1793, 936
1794, 933
1795, 832
1796, 1235
1797, 834
1798, 1132
1799, 735
1800, 938
1801, 1030
1802, 939
1803, 938
1804, 932
1805, 835
1806, 1136
1807, 936
1808, 1039
1809, 831
1810, 836
1811, 1036
1812, 1030
1813, 1132
1814, 732
1815, 933
1816, 833
1817, 1138
1818, 935
1819, 938
1820, 736
1821, 935
1822, 939
1823, 1132
1824, 832
1825, 939
1826, 737
1827, 1039
1828, 935
1829, 839
1830, 1230
1831, 835
1832, 931
1833, 930
1834, 936
1835, 939
1836, 1334
1837, 1431
1838, 1037
1839, 837
1840, 933
1841, 838
1842, 935
1843, 935
1844, 1036
1845, 1134
1846, 1436
1847, 1434
1848, 1437
1849, 1238
1850, 1033
1851, 939
1852, 938
1853, 939
1854, 1030
1855, 1130
1856, 1435
1857, 1437
1858, 1436
1859, 1135
1860, 838
1861, 938
1862, 931
1863, 839
1864, 831
1865, 835
1866, 935
1867, 1739
1868, 934
1869, 1130
1870, 833
1871, 1034
1872, 836
1873, 833
1874, 1137
1875, 832
1876, 1134
1877, 734
1878, 1030
1879, 1037
1880, 1033
1881, 1031
1882, 931
1883, 834
1884, 1136
1885, 835
1886, 1131
1887, 737
1888, 934
1889, 936
1890, 1131
1891, 1033
1892, 737
1893, 837
1894, 937
1895, 1132
1896, 934
1897, 934
1898, 736
1899, 936
1900, 937
1901, 1134
1902, 831
1903, 934
1904, 738
1905, 1131
1906, 938
1907, 937
1908, 831
1909, 930
1910, 1031
1911, 1037
1912, 838
1913, 1030
1914, 936
1915, 936
1916, 931
1917, 832
1918, 1233
1919, 833
1920, 1135
1921, 830
1922, 1031
1923, 1039
1924, 1031
1925, 1030
1926, 931
1927, 834
1928, 1332
1929, 934
1930, 1036
1931, 835
1932, 835
1933, 1036
1934, 938
1935, 1131
1936, 730
1937, 933
1938, 838
1939, 1137
1940, 934
1941, 938
1942, 737
1943, 933
1944, 934
1945, 1135
1946, 832
1947, 839
1948, 738
1949, 1130
1950, 1034
1951, 933
1952, 1131
1953, 834
1954, 1039
1955, 738
1956, 938
1957, 1130
1958, 1030
1959, 936
1960, 931
1961, 833
1962, 1333
1963, 835
1964, 1131
1965, 938
1966, 1035
1967, 1435
1968, 1435
1969, 1333
1970, 1133
1971, 930
1972, 939
1973, 933
1974, 1032
1975, 1238
1976, 1436
1977, 1530
1978, 1437
1979, 1431
1980, 934
1981, 931
1982, 834
1983, 938
1984, 933
1985, 936
1986, 938
1987, 1433
1988, 1436
1989, 1137
1990, 934
1991, 938
1992, 837
1993, 931
1994, 837
1995, 836
1996, 936
1997, 839
1998, 1837
1999, 930
2000, 1034
2001, 932
2002, 1032
2003, 937
2004, 936
2005, 835
2006, 1136
2007, 837
2008, 1134
2009, 736
2010, 935
2011, 1039
2012, 1038
2013, 1033
2014, 738
2015, 838
2016, 937
2017, 1131
2018, 931
2019, 837
2020, 737
2021, 936
2022, 938
2023, 1135
2024, 830
2025, 934
2026, 739
2027, 1136
2028, 937
2029, 936
2030, 739
2031, 930
2032, 1030
2033, 1031
2034, 839
2035, 1335
2036, 933
2037, 935
2038, 931
2039, 831
2040, 1532
2041, 832
2042, 1136
2043, 738
2044, 1030
2045, 1139
2046, 939
2047, 1031
2048, 839
2049, 834
2050, 1031
2051, 839
2052, 1131
2053, 739
2054, 834
2055, 1038
2056, 1031
2057, 1130
2058, 732
2059, 933
2060, 834
2061, 1133
2062, 934
2063, 937
2064, 736
2065, 935
2066, 937
2067, 1130
2068, 832
2069, 933
2070, 738
2071, 1039
2072, 936
2073, 930
2074, 1234
2075, 832
2076, 1130
2077, 832
2078, 938
2079, 930
2080, 1030
2081, 934
2082, 932
2083, 834
2084, 1037
2085, 834
2086, 830
2087, 835
2088, 1332
2089, 1333
2090, 1333
2091, 1331
2092, 939
2093, 932
2094, 932
2095, 938
2096, 1033
2097, 1038
2098, 1132
2099, 1436
2100, 1531
2101, 1439
2102, 1231
2103, 1031
2104, 839
2105, 933
2106, 835
2107, 931
2108, 931
2109, 1030
2110, 1438
2111, 1533
2112, 1039
2113, 1036
2114, 833
2115, 833
2116, 738
2117, 738
2118, 836
2119, 735
2120, 835
2121, 834
2122, 931
2123, 1031
2124, 1539
2125, 1132
2126, 936
2127, 835
2128, 1039
2129, 835
2130, 1134
2131, 737
2132, 935
2133, 1038
2134, 934
2135, 1036
2136, 736
2137, 839
2138, 935
2139, 1132
2140, 933
2141, 839
2142, 736
2143, 1133
2144, 839
2145, 1131
2146, 830
2147, 935
2148, 739
2149, 1134
2150, 936
2151, 935
2152, 830
2153, 839
2154, 1031
2155, 1033
2156, 930
2157, 1234
2158, 937
2159, 937
2160, 931
2161, 832
2162, 1439
2163, 830
2164, 1135
2165, 736
2166, 1031
2167, 1036
2168, 1030
2169, 939
2170, 932
2171, 835
2172, 1333
2173, 837
2174, 1039
2175, 739
2176, 835
2177, 1133
2178, 939
2179, 1131
2180, 732
2181, 933
2182, 935
2183, 1133
2184, 932
2185, 938
2186, 739
2187, 932
2188, 939
2189, 1039
2190, 832
2191, 933
2192, 830
2193, 1037
2194, 938
2195, 931
2196, 939
2197, 832
2198, 1130
2199, 737
2200, 936
2201, 1133
2202, 938
2203, 935
2204, 933
2205, 831
2206, 1131
2207, 836
2208, 1137
2209, 833
2210, 937
2211, 1331
2212, 934
2213, 1030
2214, 837
2215, 837
2216, 1033
2217, 1031
2218, 939
2219, 935
2220, 737
2221, 1134
2222, 932
2223, 1132
2224, 730
2225, 933
2226, 832
2227, 1034
2228, 935
2229, 934
2230, 938
2231, 1331
2232, 1433
2233, 1532
2234, 1030
2235, 933
2236, 838
2237, 932
2238, 930
2239, 936
2240, 1137
2241, 1036
2242, 1435
2243, 1530
2244, 1437
2245, 1536
2246, 1037
2247, 935
2248, 932
2249, 931
2250, 1132
2251, 1038
2252, 1531
2253, 1438
2254, 1530
2255, 1030
2256, 933
2257, 931
2258, 837
2259, 834
2260, 839
2261, 932
2262, 1333
2263, 1031
2264, 737
2265, 1132
2266, 935
2267, 1038
2268, 832
2269, 932
2270, 738
2271, 1133
2272, 936
2273, 934
2274, 831
2275, 931
2276, 1036
2277, 1030
2278, 932
2279, 930
2280, 935
2281, 936
2282, 935
2283, 831
2284, 1339
2285, 835
2286, 1136
2287, 738
2288, 939
2289, 932
2290, 1030
2291, 1030
2292, 933
2293, 836
2294, 1331
2295, 839
2296, 1036
2297, 836
2298, 835
2299, 1133
2300, 935
2301, 1131
2302, 733
2303, 936
2304, 935
2305, 1039
2306, 933
2307, 839
2308, 737
2309, 933
2310, 939
2311, 1037
2312, 833
2313, 930
2314, 832
2315, 1038
2316, 1034
2317, 837
2318, 1131
2319, 738
2320, 1130
2321, 933
2322, 939
2323, 1032
2324, 1032
2325, 937
2326, 930
2327, 833
2328, 1433
2329, 835
2330, 1132
2331, 737
2332, 935
2333, 1038
2334, 936
2335, 1034
2336, 835
2337, 932
2338, 1032
2339, 1134
2340, 1034
2341, 1034
2342, 1238
2343, 1235
2344, 1239
2345, 1232
2346, 1031
2347, 1239
2348, 1133
2349, 1039
2350, 1035
2351, 1133
2352, 1132
2353, 1139
2354, 1030
2355, 1130
2356, 1031
2357, 1134
2358, 1037
2359, 932
2360, 1036
2361, 936
2362, 1039
2363, 930
2364, 1132
2365, 1030
2366, 1235
2367, 938
2368, 1039
2369, 932
2370, 1038
2371, 930
2372, 1036
2373, 930
2374, 1035
2375, 1038
2376, 1134
2377, 1137
2378, 935
2379, 1034
2380, 930
2381, 1038
2382, 930
2383, 1130
2384, 930
2385, 1036
2386, 930
2387, 1038
2388, 931
2389, 1034
2390, 930
2391, 1034
2392, 930
2393, 1033
2394, 931
2395, 1030
2396, 935
2397, 937
2398, 1032
2399, 839
2400, 1037
2401, 931
2402, 1039
2403, 930
2404, 1038
2405, 930
2406, 1036
2407, 931
2408, 1038
2409, 839
2410, 1034
2411, 936
2412, 1035
2413, 933
2414, 1030
2415, 932
2416, 1030
2417, 939
2418, 933
2419, 1033
2420, 930
2421, 1037
2422, 930
2423, 1039
2424, 838
2425, 1039
2426, 839
2427, 1131
2428, 932
2429, 1034
2430, 932
2431, 1033
2432, 931
2433, 1033
2434, 933
2435, 939
2436, 936
2437, 937
2438, 1032
2439, 932
2440, 1038
2441, 931
2442, 1130
2443, 839
2444, 1037
2445, 838
2446, 1037
2447, 839
2448, 1037
2449, 931
2450, 1038
2451, 931
2452, 1034
2453, 930
2454, 939
2455, 932
2456, 937
2457, 938
2458, 931
2459, 1036
2460, 934
2461, 1038
2462, 930
2463, 1036
2464, 838
2465, 1038
2466, 839
2467, 1037
2468, 839
2469, 1035
2470, 931
2471, 1034
2472, 932
2473, 1034
2474, 932
2475, 939
2476, 935
2477, 936
2478, 1031
2479, 931
2480, 1330
2481, 1131
2482, 1338
2483, 1430
2484, 1433
2485, 1339
2486, 1036
2487, 937
2488, 938
2489, 1130
2490, 1033
2491, 1036
2492, 1133
2493, 1137
2494, 1439
2495, 1437
2496, 1439
2497, 1131
2498, 1033
2499, 1035
2500, 930
2501, 935
2502, 932
2503, 1031
2504, 1033
2505, 1437
2506, 1436
2507, 1530
2508, 1438
2509, 1131
2510, 936
2511, 935
2512, 837
2513, 835
2514, 830
2515, 839
2516, 838
2517, 835
2518, 1130
2519, 1130
2520, 1232
2521, 935
2522, 938
2523, 736
2524, 936
2525, 937
2526, 1035
2527, 830
2528, 1135
2529, 738
2530, 1131
2531, 733
2532, 936
2533, 1036
2534, 937
2535, 1032
2536, 838
2537, 933
2538, 1134
2539, 939
2540, 938
2541, 933
2542, 831
2543, 1232
2544, 833
2545, 1135
2546, 738
2547, 935
2548, 936
2549, 1131
2550, 933
2551, 835
2552, 737
2553, 1038
2554, 939
2555, 1038
2556, 836
2557, 834
2558, 838
2559, 939
2560, 1133
2561, 739
2562, 935
2563, 736
2564, 1134
2565, 933
2566, 938
2567, 1039
2568, 935
2569, 937
2570, 1035
2571, 832
2572, 1238
2573, 835
2574, 1039
2575, 739
2576, 930
2577, 1331
2578, 838
2579, 1133
2580, 736
2581, 939
2582, 1238
2583, 1032
2584, 936
2585, 935
2586, 832
2587, 1438
2588, 931
2589, 1134
2590, 739
2591, 933
2592, 937
2593, 1131
2594, 1030
2595, 833
2596, 833
2597, 934
2598, 1038
2599, 934
2600, 936
2601, 737
2602, 934
2603, 936
2604, 1135
2605, 838
2606, 1033
2607, 1131
2608, 1037
2609, 1338
2610, 1531
2611, 1633
2612, 936
2613, 933
2614, 936
2615, 937
2616, 1235
2617, 1138
2618, 1530
2619, 1532
2620, 1530
2621, 1437
2622, 1031
2623, 1030
2624, 937
2625, 1032
2626, 1035
2627, 1034
2628, 1432
2629, 1530
2630, 1532
2631, 1438
2632, 1030
2633, 930
2634, 838
2635, 930
2636, 837
2637, 930
2638, 835
2639, 837
2640, 1530
2641, 936
2642, 1137
2643, 933
2644, 938
2645, 737
2646, 934
2647, 934
2648, 1130
2649, 833
2650, 931
2651, 830
2652, 1131
2653, 839
2654, 931
2655, 934
2656, 838
2657, 1039
2658, 735
2659, 937
2660, 930
2661, 1031
2662, 934
2663, 1032
2664, 833
2665, 1034
2666, 835
2667, 1138
2668, 736
2669, 936
2670, 1133
2671, 936
2672, 1030
2673, 839
2674, 834
2675, 1036
2676, 1032
2677, 938
2678, 835
2679, 735
2680, 1038
2681, 935
2682, 1134
2683, 738
2684, 933
2685, 738
2686, 1132
2687, 932
2688, 937
2689, 739
2690, 935
2691, 938
2692, 1035
2693, 835
2694, 1435
2695, 833
2696, 1031
2697, 839
2698, 832
2699, 1037
2700, 834
2701, 1135
2702, 731
2703, 938
2704, 1034
2705, 1031
2706, 938
2707, 931
2708, 834
2709, 1036
2710, 835
2711, 1132
2712, 739
2713, 933
2714, 1130
2715, 1038
2716, 1035
2717, 735
2718, 931
2719, 935
2720, 1130
2721, 935
2722, 936
2723, 737
2724, 1032
2725, 1139
2726, 1336
2727, 1331
2728, 1338
2729, 1434
2730, 1135
2731, 1033
2732, 1133
2733, 1039
2734, 1232
2735, 1134
2736, 1334
2737, 1331
2738, 1336
2739, 1332
2740, 1133
2741, 1130
2742, 1035
2743, 1131
2744, 1035
2745, 1136
2746, 1431
2747, 1431
2748, 1434
2749, 1433
2750, 1031
2751, 933
2752, 932
2753, 939
2754, 839
2755, 932
2756, 839
2757, 938
2758, 938
2759, 1437
2760, 1235
2761, 935
2762, 1030
2763, 1030
2764, 1033
2765, 934
2766, 933
2767, 837
2768, 933
2769, 933
2770, 1035
2771, 836
2772, 930
2773, 738
2774, 1033
2775, 1030
2776, 835
2777, 1137
2778, 737
2779, 1133
2780, 735
2781, 1030
2782, 1137
2783, 1030
2784, 935
2785, 936
2786, 835
2787, 1234
2788, 835
2789, 1132
2790, 738
2791, 937
2792, 936
2793, 935
2794, 1035
2795, 833
2796, 930
2797, 839
2798, 1136
2799, 936
2800, 838
2801, 735
2802, 1135
2803, 936
2804, 1133
2805, 735
2806, 932
2807, 737
2808, 1135
2809, 937
2810, 935
2811, 830
2812, 931
2813, 1031
2814, 1032
2815, 930
2816, 832
2817, 932
2818, 937
2819, 1031
2820, 738
2821, 1335
2822, 834
2823, 1136
2824, 737
2825, 939
2826, 1137
2827, 937
2828, 936
2829, 935
2830, 834
2831, 1034
2832, 838
2833, 1037
2834, 833
2835, 838
2836, 938
2837, 935
2838, 1135
2839, 1337
2840, 1431
2841, 1439
2842, 1437
2843, 1036
2844, 1030
2845, 1032
2846, 1136
2847, 1135
2848, 1233
2849, 1530
2850, 1532
2851, 1438
2852, 1231
2853, 1030
2854, 936
2855, 931
2856, 936
2857, 1139
2858, 1439
2859, 1532
2860, 1538
2861, 1038
2862, 933
2863, 837
2864, 931
2865, 931
2866, 836
2867, 934
2868, 831
2869, 1234
2870, 1237
2871, 1031
2872, 938
2873, 931
2874, 837
2875, 1138
2876, 839
2877, 935
2878, 836
2879, 739
2880, 1131
2881, 935
2882, 1133
2883, 735
2884, 934
2885, 936
2886, 1038
2887, 933
2888, 930
2889, 738
2890, 930
2891, 1032
2892, 1035
2893, 930
2894, 831
2895, 931
2896, 937
2897, 1038
2898, 830
2899, 936
2900, 737
2901, 1133
2902, 932
2903, 936
2904, 1330
2905, 937
2906, 937
2907, 839
2908, 833
2909, 1139
2910, 837
2911, 1038
2912, 836
2913, 930
2914, 1333
2915, 834
2916, 1134
2917, 735
2918, 1030
2919, 1237
2920, 1039
2921, 936
2922, 933
2923, 736
2924, 1039
2925, 938
2926, 1037
2927, 731
2928, 931
2929, 837
2930, 1038
2931, 939
2932, 835
2933, 835
2934, 831
2935, 1135
2936, 934
2937, 936
2938, 736
2939, 935
2940, 933
2941, 1136
2942, 830
2943, 1336
2944, 738
2945, 1131
2946, 738
2947, 936
2948, 1335
2949, 936
2950, 939
2951, 834
2952, 839
2953, 1039
2954, 939
2955, 937
2956, 839
2957, 831
2958, 1337
2959, 834
2960, 1135
2961, 735
2962, 939
2963, 736
2964, 1230
2965, 937
2966, 1032
2967, 938
2968, 1432
2969, 1431
2970, 1530
2971, 1432
2972, 1032
2973, 934
2974, 1030
2975, 1034
2976, 1135
2977, 1139
2978, 1338
2979, 1530
2980, 1435
2981, 1437
2982, 1033
2983, 937
2984, 936
2985, 1031
2986, 936
2987, 1130
2988, 1132
2989, 1338
2990, 1339
2991, 1530
2992, 1531
2993, 1031
2994, 937
2995, 933
2996, 932
2997, 931
2998, 932
2999, 934
3000, 936
3001, 1436
3002, 1330
3003, 837
3004, 1134
3005, 738
3006, 931
3007, 1137
3008, 1130
3009, 939
3010, 830
3011, 835
3012, 938
3013, 1130
3014, 935
3015, 933
3016, 737
3017, 933
3018, 934
3019, 1132
3020, 830
3021, 934
3022, 737
3023, 1132
3024, 936
3025, 935
3026, 1132
3027, 839
3028, 1032
3029, 1031
3030, 837
3031, 1034
3032, 935
3033, 937
3034, 933
3035, 834
3036, 1334
3037, 739
3038, 1134
3039, 732
3040, 939
3041, 1037
3042, 1030
3043, 938
3044, 837
3045, 833
3046, 1235
3047, 839
3048, 1130
3049, 831
3050, 833
3051, 1036
3052, 936
3053, 1039
3054, 732
3055, 931
3056, 933
3057, 1133
3058, 932
3059, 936
3060, 737
3061, 933
3062, 938
3063, 1131
3064, 832
3065, 934
3066, 832
3067, 1130
3068, 935
3069, 838
3070, 1337
3071, 738
3072, 1131
3073, 733
3074, 937
3075, 930
3076, 1031
3077, 937
3078, 936
3079, 833
3080, 1130
3081, 836
3082, 1132
3083, 735
3084, 935
3085, 938
3086, 938
3087, 1031
3088, 833
3089, 1032
3090, 1235
3091, 1430
3092, 1337
3093, 1431
3094, 1435
3095, 1437
3096, 938
3097, 936
3098, 839
3099, 934
3100, 1031
3101, 1231
3102, 1136
3103, 1436
3104, 1436
3105, 1438
3106, 1437
3107, 1131
3108, 1030
3109, 1030
3110, 937
3111, 1037
3112, 1133
3113, 1433
3114, 1436
3115, 1530
3116, 36
3117, 30
3118, 30
3119, 30
3120, 30
3121, 30
3122, 30
3123, 30
3124, 30
3125, 532
3126, 1031
3127, 834
3128, 838
3129, 1138
3130, 837
3131, 1133
3132, 737
3133, 1030
3134, 1032
3135, 1135
3136, 932
3137, 932
3138, 737
3139, 1133
3140, 937
3141, 1038
3142, 730
3143, 931
3144, 739
3145, 1036
3146, 1031
3147, 839
3148, 838
3149, 831
3150, 1133
3151, 935
3152, 937
3153, 737
3154, 934
3155, 935
3156, 1037
3157, 739
3158, 1238
3159, 737
3160, 1131
3161, 738
3162, 938
3163, 1232
3164, 934
3165, 1031
3166, 834
3167, 932
3168, 939
3169, 939
3170, 939
3171, 933
3172, 831
3173, 1232
3174, 833
3175, 1137
3176, 737
3177, 1030
3178, 933
3179, 1139
3180, 936
3181, 930
3182, 738
3183, 1037
3184, 938
3185, 1033
3186, 832
3187, 832
3188, 934
3189, 937
3190, 1039
3191, 830
3192, 935
3193, 735
3194, 1133
3195, 933
3196, 937
3197, 935
3198, 933
3199, 937
3200, 1032
3201, 831
3202, 1233
3203, 938
3204, 1032
3205, 1237
3206, 1338
3207, 1438
3208, 1038
3209, 931
3210, 838
3211, 936
3212, 935
3213, 939
3214, 1136
3215, 1135
3216, 1432
3217, 1532
3218, 1438
3219, 1530
3220, 1030
3221, 1031
3222, 938
3223, 1136
3224, 1230
3225, 1436
3226, 1439
3227, 1532
3228, 1235
3229, 1036
3230, 1032
3231, 937
3232, 931
3233, 935
3234, 936
3235, 931
3236, 1333
3237, 1235
3238, 1230
3239, 937
3240, 936
3241, 839
3242, 931
3243, 1032
3244, 938
3245, 839
3246, 1032
3247, 937
3248, 934
3249, 936
3250, 832
3251, 1232
3252, 831
3253, 1133
3254, 738
3255, 939
3256, 1033
3257, 938
3258, 939
3259, 931
3260, 835
3261, 1137
3262, 837
3263, 1037
3264, 836
3265, 833
3266, 1039
3267, 935
3268, 1132
3269, 731
3270, 933
3271, 934
3272, 1135
3273, 932
3274, 936
3275, 736
3276, 933
3277, 936
3278, 1132
3279, 831
3280, 931
3281, 832
3282, 1037
3283, 1035
3284, 836
3285, 1231
3286, 739
3287, 1131
3288, 836
3289, 938
3290, 1330
3291, 1030
3292, 936
3293, 839
3294, 832
3295, 1032
3296, 835
3297, 1133
3298, 737
3299, 936
3300, 1037
3301, 934
3302, 1033
3303, 830
3304, 932
3305, 936
3306, 1032
3307, 935
3308, 935
3309, 735
3310, 1133
3311, 936
3312, 1131
3313, 730
3314, 932
3315, 936
3316, 1035
3317, 1031
3318, 1037
3319, 1335
3320, 1338
3321, 1432
3322, 1437
3323, 1135
3324, 1034
3325, 1031
3326, 1033
3327, 1136
3328, 1135
3329, 1237
3330, 1439
3331, 1530
3332, 1439
3333, 1232
3334, 1136
3335, 1032
3336, 1034
3337, 1032
3338, 1033
3339, 1138
3340, 1135
3341, 1436
3342, 1438
3343, 1531
3344, 1231
3345, 1031
3346, 1033
3347, 1030
3348, 939
3349, 1031
3350, 934
3351, 936
3352, 934
3353, 833
3354, 1630
3355, 1035
3356, 1131
3357, 733
3358, 839
3359, 938
3360, 1033
3361, 1032
3362, 837
3363, 930
3364, 739
3365, 1134
3366, 836
3367, 938
3368, 731
3369, 935
3370, 936
3371, 1038
3372, 830
3373, 1139
3374, 739
3375, 1039
3376, 739
3377, 937
3378, 1130
3379, 936
3380, 1031
3381, 737
3382, 932
3383, 1333
3384, 939
3385, 939
3386, 930
3387, 830
3388, 1232
3389, 832
3390, 1134
3391, 736
3392, 939
3393, 1138
3394, 1133
3395, 936
3396, 835
3397, 736
3398, 1036
3399, 1034
3400, 1031
3401, 837
3402, 830
3403, 932
3404, 938
3405, 1134
3406, 738
3407, 935
3408, 737
3409, 1138
3410, 838
3411, 938
3412, 737
3413, 933
3414, 936
3415, 1037
3416, 831
3417, 1137
3418, 835
3419, 1036
3420, 836
3421, 838
3422, 1137
3423, 835
3424, 1133
3425, 735
3426, 939
3427, 1033
3428, 1031
3429, 938
3430, 932
3431, 833
3432, 1230
3433, 835
3434, 1133
3435, 1033
3436, 1430
3437, 1337
3438, 1531
3439, 1439
3440, 1433
3441, 1037
3442, 1035
3443, 1037
3444, 1131
3445, 1037
3446, 1338
3447, 1437
3448, 1439
3449, 1438
3450, 1438
3451, 1331
3452, 935
3453, 1038
3454, 1038
3455, 1233
3456, 1439
3457, 1437
3458, 1439
3459, 1438
3460, 934
3461, 1034
3462, 839
3463, 637
3464, 738
3465, 930
3466, 1030
3467, 932
3468, 936
3469, 1034
3470, 1239
3471, 1036
3472, 1030
3473, 937
3474, 930
3475, 835
3476, 1430
3477, 934
3478, 1036
3479, 832
3480, 739
3481, 1132
3482, 936
3483, 1130
3484, 731
3485, 934
3486, 935
3487, 1136
3488, 933
3489, 937
3490, 739
3491, 932
3492, 938
3493, 1039
3494, 832
3495, 932
3496, 831
3497, 1035
3498, 1038
3499, 836
3500, 1435
3501, 735
3502, 1131
3503, 831
3504, 935
3505, 1431
3506, 1031
3507, 936
3508, 931
3509, 833
3510, 1432
3511, 834
3512, 1130
3513, 830
3514, 936
3515, 1230
3516, 935
3517, 1033
3518, 832
3519, 934
3520, 938
3521, 1030
3522, 938
3523, 935
3524, 736
3525, 1134
3526, 932
3527, 1132
3528, 730
3529, 932
3530, 935
3531, 1035
3532, 936
3533, 933
3534, 830
3535, 838
3536, 1032
3537, 935
3538, 930
3539, 832
3540, 933
3541, 935
3542, 1038
3543, 739
3544, 1330
3545, 732
3546, 1133
3547, 738
3548, 938
3549, 1033
3550, 938
3551, 938
3552, 931
3553, 835
3554, 1133
3555, 839
3556, 1037
3557, 839
3558, 837
3559, 1032
3560, 833
3561, 1134
3562, 733
3563, 939
3564, 1034
3565, 1030
3566, 936
3567, 935
3568, 737
3569, 1132
3570, 938
3571, 1038
3572, 732
3573, 838
3574, 931
3575, 1037
3576, 1031
3577, 837
3578, 838
3579, 737
3580, 1136
3581, 933
3582, 938
3583, 736
3584, 936
3585, 936
3586, 1132
3587, 832
3588, 1038
3589, 835
3590, 1132
3591, 830
3592, 938
3593, 1330
3594, 934
3595, 1033
3596, 739
3597, 932
3598, 1038
3599, 939
3600, 938
3601, 931
3602, 830
3603, 1234
3604, 833
3605, 1135
3606, 1031
3607, 1135
3608, 1430
3609, 1432
3610, 1437
3611, 31
3612, 30
3613, 30
3614, 638
3615, 1131
3616, 1231
3617, 1437
3618, 1433
3619, 1438
3620, 1436
3621, 1136
3622, 1036
3623, 1033
3624, 1135
3625, 1434
3626, 1433
3627, 1436
3628, 1435
3629, 30
3630, 30
3631, 30
3632, 30
3633, 633
3634, 738
3635, 738
3636, 834
3637, 536
3638, 732
3639, 1131
3640, 733
3641, 939
3642, 939
3643, 1030
3644, 937
3645, 931
3646, 832
3647, 1132
3648, 834
3649, 1131
3650, 734
3651, 935
3652, 935
3653, 1039
3654, 1035
3655, 737
3656, 837
3657, 936
3658, 1133
3659, 933
3660, 838
3661, 735
3662, 935
3663, 939
3664, 1133
3665, 739
3666, 933
3667, 830
3668, 1133
3669, 931
3670, 934
3671, 737
3672, 839
3673, 1034
3674, 1035
3675, 932
3676, 1032
3677, 939
3678, 935
3679, 930
3680, 831
3681, 1333
3682, 833
3683, 1136
3684, 736
3685, 937
3686, 936
3687, 939
3688, 1031
3689, 839
3690, 834
3691, 1234
3692, 932
3693, 1035
3694, 837
3695, 833
3696, 1033
3697, 934
3698, 1130
3699, 639
3700, 933
3701, 935
3702, 1134
3703, 935
3704, 933
3705, 738
3706, 934
3707, 939
3708, 1037
3709, 830
3710, 839
3711, 833
3712, 1034
3713, 1030
3714, 835
3715, 1331
3716, 738
3717, 1132
3718, 832
3719, 936
3720, 1033
3721, 1031
3722, 1035
3723, 936
3724, 1330
3725, 1332
3726, 1337
3727, 1434
3728, 1131
3729, 1030
3730, 1035
3731, 1035
3732, 1137
3733, 1137
3734, 1430
3735, 1530
3736, 1437
3737, 1234
3738, 1039
3739, 1034
3740, 1034
3741, 1033
3742, 1134
3743, 1138
3744, 1434
3745, 1433
3746, 36
3747, 31
3748, 30
3749, 30
3750, 30
3751, 30
3752, 30
3753, 30
3754, 30
3755, 230
3756, 638
3757, 738
3758, 736
3759, 838
3760, 838
3761, 938
3762, 936
3763, 1234
3764, 935
3765, 1030
3766, 937
3767, 930
3768, 833
3769, 1332
3770, 930
3771, 1037
3772, 836
3773, 837
3774, 1231
3775, 834
3776, 1138
3777, 738
3778, 1032
3779, 1032
3780, 1138
3781, 934
3782, 933
3783, 739
3784, 1133
3785, 936
3786, 1130
3787, 733
3788, 930
3789, 834
3790, 1038
3791, 1034
3792, 834
3793, 930
3794, 738
3795, 1133
3796, 933
3797, 938
3798, 736
3799, 936
3800, 934
3801, 1137
3802, 739
3803, 1335
3804, 738
3805, 1133
3806, 736
3807, 936
3808, 1136
3809, 935
3810, 1033
3811, 830
3812, 933
3813, 1036
3814, 1030
3815, 934
3816, 934
3817, 739
3818, 1335
3819, 831
3820, 1139
3821, 734
3822, 1032
3823, 1239
3824, 1136
3825, 936
3826, 839
3827, 736
3828, 1039
3829, 1032
3830, 1034
3831, 831
3832, 739
3833, 935
3834, 939
3835, 1133
3836, 830
3837, 936
3838, 737
3839, 1231
3840, 933
3841, 938
3842, 832
3843, 936
