1, 1133
2, 930
3, 1034
4, 832
5, 932
6, 1035
7, 1036
8, 1037
9, 831
10, 1232
11, 737
12, 1038
13, 730
14, 1431
15, 735
16, 1133
17, 834
18, 1232
19, 639
20, 1130
21, 733
22, 1232
23, 737
24, 1031
25, 1031
26, 936
27, 931
28, 736
29, 1039
30, 738
31, 1137
32, 830
33, 1330
34, 731
35, 1136
36, 637
37, 1239
38, 733
39, 1137
40, 830
41, 1434
42, 638
43, 1235
44, 735
45, 1530
46, 930
47, 836
48, 1237
49, 732
50, 1136
51, 634
52, 1238
53, 1030
54, 1131
55, 730
56, 1439
57, 735
58, 1035
59, 732
60, 1834
61, 1132
62, 1138
63, 838
64, 1233
65, 737
66, 939
67, 933
68, 1036
69, 1332
70, 730
71, 1431
72, 733
73, 1231
74, 636
75, 1137
76, 837
77, 1138
78, 834
79, 1334
80, 733
81, 1039
82, 732
83, 1039
84, 833
85, 1036
86, 1030
87, 1031
88, 935
89, 735
90, 1230
91, 1036
92, 1337
93, 637
94, 1432
95, 736
96, 1135
97, 635
98, 1137
99, 1037
100, 1133
101, 735
102, 1334
103, 836
104, 1032
105, 739
106, 1030
107, 1331
108, 837
109, 1231
110, 833
111, 1131
112, 537
113, 1232
114, 838
115, 1435
116, 634
117, 1434
118, 739
119, 1038
120, 638
121, 1133
122, 736
123, 1231
124, 735
125, 1237
126, 839
127, 839
128, 934
129, 738
130, 1230
131, 731
132, 1432
133, 739
134, 1235
135, 535
136, 1237
137, 837
138, 1635
139, 637
140, 1433
141, 837
142, 1039
143, 731
144, 1134
145, 938
146, 1230
147, 833
148, 1131
149, 1131
150, 638
151, 1232
152, 634
153, 1438
154, 638
155, 1531
156, 736
157, 1338
158, 534
159, 1236
160, 931
161, 1630
162, 730
163, 1339
164, 831
165, 1232
166, 734
167, 1035
168, 1032
169, 1036
170, 931
171, 935
172, 1133
173, 733
174, 1238
175, 631
176, 1930
177, 635
178, 1332
179, 831
180, 1233
181, 631
182, 1138
183, 639
184, 1430
185, 734
186, 1330
187, 936
188, 1038
189, 837
190, 833
191, 1737
192, 838
193, 1238
194, 736
195, 1439
196, 531
197, 1333
198, 535
199, 1439
200, 636
201, 1036
202, 1030
203, 1039
204, 731
205, 937
206, 739
207, 1237
208, 838
209, 1039
210, 1037
211, 932
212, 835
213, 831
214, 1432
215, 1039
216, 1033
217, 939
218, 1133
219, 731
220, 1030
221, 737
222, 1330
223, 933
224, 936
225, 939
226, 1037
227, 739
228, 936
229, 836
230, 1239
231, 933
232, 1030
233, 1130
234, 835
235, 838
236, 830
237, 1038
238, 1036
239, 1032
240, 938
241, 1132
242, 831
243, 939
244, 834
245, 936
246, 938
247, 936
248, 1033
249, 1036
250, 735
251, 836
252, 833
253, 1034
254, 1033
255, 834
256, 1138
257, 834
258, 939
259, 834
260, 931
261, 1038
262, 939
263, 1034
264, 1133
265, 933
266, 937
267, 836
268, 1530
269, 1139
270, 838
271, 1037
272, 938
273, 930
274, 834
275, 935
276, 931
277, 939
278, 832
279, 1136
280, 839
281, 837
282, 834
283, 933
284, 1035
285, 939
286, 1033
287, 1039
288, 936
289, 830
290, 931
291, 1134
292, 1136
293, 832
294, 1136
295, 933
296, 936
297, 832
298, 1032
299, 1037
300, 1133
301, 833
302, 1135
303, 936
304, 836
305, 835
306, 931
307, 1437
308, 836
309, 938
310, 1033
311, 1035
312, 731
313, 938
314, 738
315, 1230
316, 832
317, 1232
318, 938
319, 936
320, 736
321, 939
322, 1231
323, 1437
324, 835
325, 1134
326, 938
327, 736
328, 837
329, 838
330, 1430
331, 934
332, 937
333, 937
334, 1131
335, 738
336, 1030
337, 737
338, 1232
339, 831
340, 1032
341, 939
342, 1032
343, 733
344, 935
345, 1033
346, 1239
347, 837
348, 1133
349, 1034
350, 1035
351, 931
352, 835
353, 934
354, 1136
355, 938
356, 1030
357, 1134
358, 736
359, 938
360, 830
361, 1230
362, 736
363, 938
364, 1030
365, 1134
366, 734
367, 935
368, 830
369, 1131
370, 934
371, 1031
372, 1133
373, 835
374, 835
375, 831
376, 1339
377, 1239
378, 939
379, 1030
380, 1134
381, 738
382, 1030
383, 738
384, 1237
385, 831
386, 934
387, 1033
388, 1036
389, 738
390, 839
391, 837
392, 1037
393, 939
394, 939
395, 1137
396, 934
397, 839
398, 831
399, 1437
400, 1030
401, 939
402, 938
403, 1131
404, 831
405, 938
406, 831
407, 1431
408, 936
409, 930
410, 1130
411, 1033
412, 931
413, 833
414, 935
415, 1030
416, 1132
417, 833
418, 1137
419, 935
420, 930
421, 836
422, 1431
423, 1133
424, 935
425, 1034
426, 1039
427, 1035
428, 931
429, 932
430, 1234
431, 1137
432, 835
433, 1135
434, 938
435, 833
436, 830
437, 934
438, 1035
439, 1134
440, 832
441, 1133
442, 939
443, 930
444, 835
445, 1034
446, 1238
447, 933
448, 1032
449, 1032
450, 1034
451, 737
452, 937
453, 1233
454, 1034
455, 834
456, 1134
457, 936
458, 836
459, 834
460, 935
461, 1030
462, 1130
463, 833
464, 1134
465, 936
466, 830
467, 837
468, 836
469, 930
470, 839
471, 1230
472, 938
473, 1037
474, 733
475, 939
476, 738
477, 1131
478, 834
479, 1137
480, 937
481, 931
482, 833
483, 935
484, 1331
485, 1036
486, 835
487, 1038
488, 1031
489, 830
490, 934
491, 832
492, 1137
493, 935
494, 938
495, 938
496, 1035
497, 739
498, 1031
499, 739
500, 1331
501, 836
502, 1134
503, 1030
504, 1037
505, 738
506, 934
507, 1030
508, 1139
509, 933
510, 1033
511, 1131
512, 830
513, 938
514, 738
515, 1335
516, 939
517, 938
518, 938
519, 1031
520, 832
521, 938
522, 739
523, 1234
524, 838
525, 1032
526, 1031
527, 1033
528, 739
529, 836
530, 1132
531, 1034
532, 938
533, 1032
534, 1130
535, 735
536, 936
537, 830
538, 1230
539, 832
540, 1032
541, 1031
542, 1039
543, 733
544, 935
545, 833
546, 1134
547, 932
548, 932
549, 1039
550, 935
551, 838
552, 832
553, 934
554, 931
555, 1032
556, 1032
557, 1135
558, 935
559, 935
560, 835
561, 1233
562, 1230
563, 936
564, 1030
565, 1130
566, 830
567, 931
568, 837
569, 1134
570, 934
571, 837
572, 1135
573, 838
574, 934
575, 835
576, 935
577, 1032
578, 938
579, 1038
580, 1130
581, 933
582, 832
583, 835
584, 1133
585, 933
586, 934
587, 1038
588, 1033
589, 935
590, 837
591, 932
592, 1033
593, 932
594, 834
595, 1136
596, 931
597, 837
598, 835
599, 931
600, 938
601, 937
602, 939
603, 1130
604, 936
605, 832
606, 839
607, 1233
608, 1138
609, 835
610, 1135
611, 937
612, 837
613, 833
614, 934
615, 1136
616, 1032
617, 833
618, 1130
619, 939
620, 834
621, 835
622, 931
623, 836
624, 935
625, 932
626, 1036
627, 1038
628, 735
629, 937
630, 1130
631, 1136
632, 832
633, 1136
634, 936
635, 838
636, 831
637, 933
638, 935
639, 1133
640, 835
641, 1131
642, 937
643, 839
644, 838
645, 837
646, 1231
647, 1035
648, 936
649, 1030
650, 1034
651, 738
652, 938
653, 738
654, 1336
655, 832
656, 1135
657, 936
658, 1133
659, 830
660, 937
661, 1137
662, 1238
663, 838
664, 1037
665, 1036
666, 832
667, 936
668, 830
669, 1230
670, 938
671, 938
672, 938
673, 1036
674, 736
675, 936
676, 739
677, 1330
678, 837
679, 1134
680, 938
681, 1034
682, 736
683, 932
684, 934
685, 1230
686, 935
687, 1030
688, 1132
689, 735
690, 1030
691, 739
692, 1437
693, 936
694, 935
695, 938
696, 1032
697, 731
698, 937
699, 738
700, 1237
701, 739
702, 936
703, 1035
704, 1132
705, 739
706, 836
707, 931
708, 1034
709, 938
710, 1032
711, 1132
712, 930
713, 934
714, 835
715, 1230
716, 1139
717, 936
718, 1033
719, 1132
720, 736
721, 933
722, 833
723, 1032
724, 1033
725, 835
726, 1130
727, 932
728, 835
729, 834
730, 934
731, 1034
732, 939
733, 938
734, 1131
735, 939
736, 834
737, 835
738, 1037
739, 1330
740, 934
741, 1032
742, 1038
743, 834
744, 838
745, 839
746, 938
747, 1030
748, 836
749, 1135
750, 1031
751, 935
752, 836
753, 933
754, 934
755, 939
756, 836
757, 1130
758, 935
759, 837
760, 837
761, 837
762, 1239
763, 839
764, 1130
765, 937
766, 1031
767, 732
768, 936
769, 1230
770, 1239
771, 834
772, 1131
773, 936
774, 930
775, 837
776, 930
777, 1235
778, 1039
779, 837
780, 1039
781, 1032
782, 832
783, 933
784, 832
785, 1330
786, 837
787, 1032
788, 1030
789, 1131
790, 730
791, 936
792, 738
793, 1134
794, 835
795, 1137
796, 938
797, 936
798, 834
799, 930
800, 1037
801, 1136
802, 934
803, 1033
804, 1130
805, 736
806, 937
807, 739
808, 1234
809, 935
810, 937
811, 938
812, 1032
813, 735
814, 936
815, 831
816, 1333
817, 835
818, 1132
819, 1033
820, 938
821, 837
822, 836
823, 1330
824, 1333
825, 932
826, 1030
827, 1130
828, 739
829, 939
830, 831
831, 1430
832, 935
833, 937
834, 939
835, 1035
836, 735
837, 934
838, 833
839, 1433
840, 930
841, 1036
842, 1130
843, 833
844, 933
845, 836
846, 1139
847, 1131
848, 939
849, 1031
850, 1039
851, 736
852, 936
853, 832
854, 1130
855, 1034
856, 935
857, 1033
858, 938
859, 832
860, 930
861, 836
862, 1231
863, 936
864, 1032
865, 1038
866, 837
867, 835
868, 833
869, 932
870, 931
871, 939
872, 1031
873, 1039
874, 731
875, 934
876, 831
877, 1333
878, 939
879, 838
880, 1038
881, 930
882, 838
883, 836
884, 931
885, 1233
886, 930
887, 934
888, 1233
889, 931
890, 834
891, 835
892, 1230
893, 1432
894, 1233
895, 1331
896, 1532
897, 1233
898, 1333
899, 1133
900, 1730
901, 1039
902, 1534
903, 1534
904, 1438
905, 1337
906, 1431
907, 1436
908, 1239
909, 832
910, 939
911, 1335
912, 1438
913, 1534
914, 1531
915, 1436
916, 1230
917, 935
918, 1334
919, 1437
920, 1431
921, 1438
922, 1034
923, 1036
924, 1134
925, 832
926, 1133
927, 1031
928, 830
929, 833
930, 930
931, 1330
932, 1038
933, 835
934, 1130
935, 1032
936, 839
937, 839
938, 832
939, 1331
940, 836
941, 1134
942, 935
943, 1035
944, 831
945, 938
946, 1035
947, 1238
948, 833
949, 1134
950, 1030
951, 836
952, 836
953, 839
954, 1131
955, 1032
956, 838
957, 1037
958, 938
959, 732
960, 933
961, 739
962, 1231
963, 836
964, 1033
965, 938
966, 1134
967, 732
968, 935
969, 831
970, 1137
971, 837
972, 1138
973, 1031
974, 1030
975, 836
976, 932
977, 1536
978, 1134
979, 938
980, 1635
981, 1536
982, 1532
983, 1239
984, 1131
985, 1634
986, 1533
987, 1436
988, 1335
989, 1430
990, 933
991, 1038
992, 1430
993, 1630
994, 1430
995, 1634
996, 1435
997, 1537
998, 1331
999, 932
1000, 1333
1001, 1230
1002, 938
1003, 1034
1004, 1139
1005, 837
1006, 1031
1007, 837
1008, 1534
1009, 1031
1010, 939
1011, 1035
1012, 1130
1013, 739
1014, 932
1015, 834
1016, 1134
1017, 934
1018, 939
1019, 1133
1020, 837
1021, 831
1022, 833
1023, 836
1024, 937
1025, 1031
1026, 1030
1027, 1133
1028, 933
1029, 934
1030, 831
1031, 1035
1032, 1336
1033, 937
1034, 1130
1035, 1038
1036, 934
1037, 838
1038, 933
1039, 1235
1040, 1231
1041, 831
1042, 1131
1043, 936
1044, 934
1045, 1035
1046, 936
1047, 1334
1048, 1232
1049, 1430
1050, 1431
1051, 1336
1052, 1333
1053, 1339
1054, 1838
1055, 1733
1056, 1533
1057, 1532
1058, 1132
1059, 1336
1060, 1438
1061, 1531
1062, 1639
1063, 1433
1064, 1238
1065, 938
1066, 1035
1067, 1435
1068, 1434
1069, 1436
1070, 1538
1071, 1336
1072, 1536
1073, 1530
1074, 1131
1075, 738
1076, 933
1077, 733
1078, 1232
1079, 834
1080, 1232
1081, 1030
1082, 837
1083, 835
1084, 938
1085, 1437
1086, 936
1087, 837
1088, 1132
1089, 838
1090, 835
1091, 837
1092, 836
1093, 1237
1094, 834
1095, 936
1096, 1030
1097, 1038
1098, 733
1099, 937
1100, 832
1101, 1335
1102, 834
1103, 1136
1104, 938
1105, 935
1106, 834
1107, 936
1108, 1433
1109, 1239
1110, 837
1111, 1132
1112, 1031
1113, 832
1114, 931
1115, 832
1116, 1336
1117, 838
1118, 938
1119, 939
1120, 1037
1121, 734
1122, 935
1123, 831
1124, 1231
1125, 835
1126, 1132
1127, 937
1128, 1031
1129, 832
1130, 1531
1131, 1830
1132, 1738
1133, 1536
1134, 1135
1135, 1039
1136, 1530
1137, 1535
1138, 1530
1139, 1530
1140, 1433
1141, 1432
1142, 1430
1143, 1435
1144, 1330
1145, 1433
1146, 734
1147, 1533
1148, 1433
1149, 1537
1150, 1231
1151, 1132
1152, 1132
1153, 1431
1154, 1039
1155, 1038
1156, 938
1157, 1032
1158, 1131
1159, 734
1160, 937
1161, 737
1162, 1234
1163, 1030
1164, 936
1165, 1030
1166, 1036
1167, 736
1168, 935
1169, 830
1170, 1333
1171, 838
1172, 1033
1173, 1036
1174, 935
1175, 833
1176, 835
1177, 1139
1178, 934
1179, 1031
1180, 1032
1181, 1131
1182, 737
1183, 937
1184, 739
1185, 1035
1186, 934
1187, 936
1188, 1034
1189, 1031
1190, 833
1191, 932
1192, 836
1193, 933
1194, 937
1195, 839
1196, 1132
1197, 831
1198, 835
1199, 833
1200, 931
1201, 1039
1202, 937
1203, 1034
1204, 1038
1205, 930
1206, 933
1207, 832
1208, 1630
1209, 934
1210, 934
1211, 1037
1212, 1032
1213, 831
1214, 835
1215, 839
1216, 1131
1217, 936
1218, 836
1219, 1135
1220, 932
1221, 932
1222, 835
1223, 930
1224, 1036
1225, 936
1226, 935
1227, 1038
1228, 934
1229, 838
1230, 930
1231, 1137
1232, 1135
1233, 835
1234, 1134
1235, 936
1236, 838
1237, 833
1238, 931
1239, 1336
1240, 838
1241, 837
1242, 1134
1243, 933
1244, 839
1245, 835
1246, 839
1247, 1335
1248, 931
1249, 1035
1250, 1034
1251, 1031
1252, 734
1253, 934
1254, 937
1255, 1439
1256, 834
1257, 1135
1258, 1030
1259, 835
1260, 834
1261, 839
1262, 1134
1263, 1039
1264, 838
1265, 1132
1266, 933
1267, 737
1268, 835
1269, 836
1270, 1136
1271, 931
1272, 936
1273, 1031
1274, 1132
1275, 731
1276, 936
1277, 939
1278, 1332
1279, 833
1280, 1136
1281, 939
1282, 1034
1283, 833
1284, 932
1285, 1334
1286, 1130
1287, 838
1288, 1130
1289, 1033
1290, 834
1291, 934
1292, 832
1293, 1330
1294, 939
1295, 936
1296, 1031
1297, 1032
1298, 833
1299, 1030
1300, 830
1301, 1139
1302, 837
1303, 1133
1304, 939
1305, 939
1306, 733
1307, 933
1308, 1133
1309, 1139
1310, 934
1311, 1036
1312, 1039
1313, 1233
1314, 1331
1315, 1335
1316, 1535
1317, 1435
1318, 1432
1319, 1434
1320, 1439
1321, 933
1322, 1033
1323, 932
1324, 1030
1325, 1332
1326, 1534
1327, 1434
1328, 1434
1329, 1336
1330, 1431
1331, 1338
1332, 1239
1333, 1235
1334, 1432
1335, 1435
1336, 1432
1337, 1530
1338, 1433
1339, 1231
1340, 1334
1341, 1535
1342, 1438
1343, 1234
1344, 837
1345, 936
1346, 831
1347, 1134
1348, 930
1349, 1037
1350, 1036
1351, 836
1352, 833
1353, 834
1354, 1035
1355, 1330
1356, 938
1357, 1034
1358, 1130
1359, 735
1360, 936
1361, 830
1362, 1430
1363, 937
1364, 932
1365, 1034
1366, 932
1367, 735
1368, 838
1369, 838
1370, 1039
1371, 937
1372, 1033
1373, 1039
1374, 1030
1375, 834
1376, 836
1377, 1039
1378, 1133
1379, 935
1380, 1637
1381, 1532
1382, 1533
1383, 1534
1384, 1330
1385, 1332
1386, 1337
1387, 1537
1388, 1439
1389, 1439
1390, 1430
1391, 1439
1392, 937
1393, 1131
1394, 1335
1395, 1538
1396, 1434
1397, 1433
1398, 1332
1399, 1431
1400, 1437
1401, 1238
1402, 939
1403, 1034
1404, 1130
1405, 936
1406, 930
1407, 837
1408, 1338
1409, 1036
1410, 835
1411, 1132
1412, 936
1413, 837
1414, 834
1415, 933
1416, 1036
1417, 937
1418, 1035
1419, 1131
1420, 838
1421, 836
1422, 836
1423, 932
1424, 938
1425, 937
1426, 1039
1427, 1033
1428, 1035
1429, 833
1430, 934
1431, 1130
1432, 734
1433, 930
1434, 1138
1435, 938
1436, 837
1437, 835
1438, 931
1439, 1138
1440, 1130
1441, 835
1442, 1130
1443, 837
1444, 835
1445, 836
1446, 838
1447, 1136
1448, 839
1449, 1035
1450, 1032
1451, 1131
1452, 933
1453, 1130
1454, 1238
1455, 1530
1456, 1237
1457, 1531
1458, 1331
1459, 1338
1460, 1139
1461, 1432
1462, 1634
1463, 1335
1464, 1531
1465, 1337
1466, 1139
1467, 1436
1468, 1437
1469, 1430
1470, 1534
1471, 933
1472, 1335
1473, 1434
1474, 1436
1475, 1431
1476, 1431
1477, 1236
1478, 1539
1479, 837
1480, 1133
1481, 939
1482, 1131
1483, 835
1484, 934
1485, 1232
1486, 1432
1487, 838
1488, 1032
1489, 1131
1490, 735
1491, 939
1492, 833
1493, 1230
1494, 836
1495, 1032
1496, 1030
1497, 1036
1498, 736
1499, 937
1500, 937
1501, 1531
1502, 835
1503, 1232
1504, 1332
1505, 1537
1506, 1531
1507, 1131
1508, 1139
1509, 1432
1510, 1532
1511, 1435
1512, 1337
1513, 1337
1514, 1432
1515, 1332
1516, 1339
1517, 935
1518, 1439
1519, 1432
1520, 1431
1521, 1336
1522, 1436
1523, 932
1524, 1136
1525, 939
1526, 1336
1527, 1038
1528, 837
1529, 831
1530, 830
1531, 1037
1532, 1034
1533, 936
1534, 936
1535, 1130
1536, 735
1537, 937
1538, 739
1539, 1436
1540, 734
1541, 936
1542, 1030
1543, 1030
1544, 735
1545, 932
1546, 833
1547, 935
1548, 936
1549, 1030
1550, 1130
1551, 932
1552, 834
1553, 833
1554, 1139
1555, 1338
1556, 937
1557, 1031
1558, 1037
1559, 835
1560, 937
1561, 830
1562, 1435
1563, 830
1564, 935
1565, 1036
1566, 937
1567, 833
1568, 835
1569, 930
1570, 1133
1571, 939
1572, 839
1573, 1137
1574, 938
1575, 835
1576, 834
1577, 1231
1578, 1132
1579, 939
1580, 1033
1581, 1132
1582, 832
1583, 933
1584, 832
1585, 1136
1586, 1032
1587, 838
1588, 1039
1589, 1032
1590, 739
1591, 833
1592, 930
1593, 1031
1594, 1036
1595, 835
1596, 1132
1597, 934
1598, 836
1599, 836
1600, 1532
1601, 933
1602, 937
1603, 1035
1604, 1130
1605, 937
1606, 838
1607, 933
1608, 1130
1609, 1139
1610, 836
1611, 1132
1612, 936
1613, 836
1614, 833
1615, 931
1616, 938
1617, 1136
1618, 836
1619, 1131
1620, 936
1621, 837
1622, 837
1623, 838
1624, 1337
1625, 839
1626, 1030
1627, 1031
1628, 1030
1629, 732
1630, 936
1631, 1132
1632, 1339
1633, 834
1634, 1138
1635, 939
1636, 838
1637, 835
1638, 931
1639, 1338
1640, 1038
1641, 836
1642, 1131
1643, 933
1644, 833
1645, 839
1646, 835
1647, 1133
1648, 739
1649, 938
1650, 1032
1651, 939
1652, 734
1653, 938
1654, 830
1655, 1132
1656, 834
1657, 1233
1658, 1037
1659, 1334
1660, 1333
1661, 1335
1662, 1834
1663, 1537
1664, 1339
1665, 1436
1666, 1234
1667, 1137
1668, 1439
1669, 1535
1670, 1538
1671, 1430
1672, 1437
1673, 1531
1674, 1439
1675, 1330
1676, 936
1677, 936
1678, 1334
1679, 1336
1680, 1634
1681, 1536
1682, 1538
1683, 1033
1684, 1235
1685, 1536
1686, 1532
1687, 1035
1688, 1034
1689, 1038
1690, 731
1691, 934
1692, 739
1693, 1334
1694, 936
1695, 937
1696, 1034
1697, 1035
1698, 837
1699, 935
1700, 831
1701, 1130
1702, 838
1703, 1135
1704, 1030
1705, 1034
1706, 835
1707, 838
1708, 1035
1709, 633
1710, 1033
1711, 1033
1712, 1132
1713, 735
1714, 938
1715, 831
1716, 1332
1717, 937
1718, 935
1719, 1033
1720, 1031
1721, 737
1722, 934
1723, 831
1724, 1334
1725, 739
1726, 1139
1727, 1538
1728, 1533
1729, 1535
1730, 1533
1731, 1637
1732, 1332
1733, 1430
1734, 1536
1735, 1535
1736, 1335
1737, 1338
1738, 1333
1739, 1530
1740, 1435
1741, 1335
1742, 1432
1743, 1339
1744, 1231
1745, 1435
1746, 1433
1747, 1532
1748, 937
1749, 932
1750, 1131
1751, 934
1752, 836
1753, 833
1754, 1139
1755, 834
1756, 1032
1757, 1030
1758, 1130
1759, 736
1760, 937
1761, 739
1762, 1232
1763, 937
1764, 935
1765, 1032
1766, 934
1767, 832
1768, 836
1769, 839
1770, 1234
1771, 937
1772, 936
1773, 1037
1774, 936
1775, 1231
1776, 933
1777, 1138
1778, 1737
1779, 1338
1780, 1439
1781, 1439
1782, 1537
1783, 1533
1784, 1531
1785, 1633
1786, 1439
1787, 1534
1788, 1434
1789, 1235
1790, 838
1791, 1236
1792, 1339
1793, 1238
1794, 1237
1795, 1236
1796, 1339
1797, 1138
1798, 835
1799, 836
1800, 931
1801, 1034
1802, 935
1803, 1032
1804, 1039
1805, 935
1806, 830
1807, 931
1808, 1233
1809, 1433
1810, 939
1811, 1433
1812, 1437
1813, 1339
1814, 1032
1815, 1133
1816, 1335
1817, 1339
1818, 1432
1819, 1235
1820, 1335
1821, 1230
1822, 1332
1823, 1433
1824, 1331
1825, 1332
1826, 1434
1827, 1533
1828, 930
1829, 1039
1830, 1135
1831, 1735
1832, 1237
1833, 836
1834, 1136
1835, 1030
1836, 936
1837, 834
1838, 931
1839, 1137
1840, 1130
1841, 833
1842, 1130
1843, 1031
1844, 832
1845, 837
1846, 836
1847, 1036
1848, 1037
1849, 936
1850, 1031
1851, 1033
1852, 737
1853, 939
1854, 1138
1855, 1039
1856, 837
1857, 1134
1858, 936
1859, 1030
1860, 739
1861, 935
1862, 1037
1863, 1530
1864, 836
1865, 1132
1866, 1031
1867, 835
1868, 934
1869, 831
1870, 1230
1871, 938
1872, 935
1873, 1030
1874, 1032
1875, 731
1876, 936
1877, 837
1878, 1330
1879, 834
1880, 1134
1881, 937
1882, 1032
1883, 735
1884, 933
1885, 936
1886, 1133
1887, 930
1888, 1034
1889, 1037
1890, 731
1891, 936
1892, 739
1893, 1130
1894, 938
1895, 934
1896, 939
1897, 938
1898, 734
1899, 936
1900, 739
1901, 1137
1902, 835
1903, 1133
1904, 1031
1905, 1030
1906, 734
1907, 839
1908, 839
1909, 1437
1910, 933
1911, 1034
1912, 1132
1913, 832
1914, 936
1915, 833
1916, 1338
1917, 934
1918, 935
1919, 939
1920, 1039
1921, 736
1922, 934
1923, 833
1924, 1439
1925, 838
1926, 1131
1927, 1036
1928, 839
1929, 836
1930, 836
1931, 930
1932, 833
1933, 1032
1934, 1032
1935, 1135
1936, 838
1937, 934
1938, 835
1939, 1235
1940, 1030
1941, 935
1942, 938
1943, 1130
1944, 739
1945, 934
1946, 833
1947, 1237
1948, 835
1949, 937
1950, 1130
1951, 930
1952, 832
1953, 834
1954, 931
1955, 1339
1956, 938
1957, 1034
1958, 1131
1959, 930
1960, 839
1961, 836
1962, 1036
1963, 632
1964, 1030
1965, 1035
1966, 1037
1967, 832
1968, 838
1969, 837
1970, 1434
1971, 1037
1972, 832
1973, 1134
1974, 939
1975, 930
1976, 834
1977, 932
1978, 1332
1979, 937
1980, 1030
1981, 1132
1982, 936
1983, 834
1984, 834
1985, 837
1986, 1030
1987, 935
1988, 1130
1989, 1031
1990, 839
1991, 833
1992, 931
1993, 1136
1994, 1135
1995, 837
1996, 1137
1997, 1031
1998, 839
1999, 833
2000, 932
2001, 1236
2002, 937
2003, 839
2004, 1133
2005, 934
2006, 833
2007, 838
2008, 834
2009, 1239
2010, 836
2011, 1135
2012, 938
2013, 1037
2014, 830
2015, 938
2016, 1330
2017, 1338
2018, 833
2019, 1131
2020, 1032
2021, 834
2022, 834
2023, 931
2024, 932
2025, 930
2026, 930
2027, 1037
2028, 932
2029, 737
2030, 933
2031, 738
2032, 933
2033, 838
2034, 1231
2035, 937
2036, 1131
2037, 733
2038, 936
2039, 1439
2040, 1238
2041, 834
2042, 1134
2043, 1031
2044, 832
2045, 835
2046, 931
2047, 1235
2048, 1038
2049, 936
2050, 1035
2051, 939
2052, 734
2053, 938
2054, 738
2055, 1437
2056, 936
2057, 937
2058, 939
2059, 1133
2060, 830
2061, 938
2062, 830
2063, 1139
2064, 838
2065, 1137
2066, 1031
2067, 1031
2068, 836
2069, 839
2070, 1038
2071, 1230
2072, 935
2073, 1030
2074, 1132
2075, 735
2076, 938
2077, 738
2078, 1531
2079, 1030
2080, 935
2081, 1030
2082, 1033
2083, 735
2084, 936
2085, 830
2086, 1234
2087, 835
2088, 1130
2089, 1036
2090, 936
2091, 831
2092, 834
2093, 838
2094, 1232
2095, 1030
2096, 1031
2097, 1132
2098, 733
2099, 937
2100, 833
2101, 1137
2102, 1030
2103, 937
2104, 1030
2105, 937
2106, 735
2107, 934
2108, 834
2109, 833
2110, 837
2111, 930
2112, 1134
2113, 932
2114, 1038
2115, 1232
2116, 1338
2117, 1736
2118, 1238
2119, 1534
2120, 1432
2121, 1435
2122, 1436
2123, 937
2124, 1734
2125, 1533
2126, 1532
2127, 1233
2128, 1530
2129, 1430
2130, 1433
2131, 1339
2132, 1239
2133, 936
2134, 934
2135, 1432
2136, 1533
2137, 1536
2138, 1539
2139, 1532
2140, 1531
2141, 1338
2142, 1539
2143, 1334
2144, 938
2145, 932
2146, 836
2147, 1434
2148, 1139
2149, 931
2150, 1039
2151, 1034
2152, 834
2153, 835
2154, 933
2155, 1239
2156, 1037
2157, 833
2158, 1134
2159, 933
2160, 933
2161, 836
2162, 930
2163, 1335
2164, 936
2165, 1036
2166, 1038
2167, 938
2168, 739
2169, 836
2170, 836
2171, 1237
2172, 838
2173, 1136
2174, 1035
2175, 936
2176, 730
2177, 831
2178, 1639
2179, 1233
2180, 1539
2181, 1633
2182, 1131
2183, 1037
2184, 1034
2185, 1237
2186, 1331
2187, 1136
2188, 1239
2189, 1435
2190, 1435
2191, 1335
2192, 1239
2193, 836
2194, 1131
2195, 1330
2196, 1439
2197, 1533
2198, 1430
2199, 1433
2200, 1338
2201, 1734
2202, 1330
2203, 835
2204, 1132
2205, 939
2206, 839
2207, 838
2208, 930
2209, 1131
2210, 935
2211, 933
2212, 1032
2213, 1032
2214, 731
2215, 935
2216, 739
2217, 1231
2218, 835
2219, 1234
2220, 938
2221, 1132
2222, 733
2223, 937
2224, 1134
2225, 1631
2226, 1233
2227, 1436
2228, 1331
2229, 1339
2230, 1334
2231, 1437
2232, 1431
2233, 1531
2234, 1532
2235, 1530
2236, 1132
2237, 1430
2238, 1437
2239, 1533
2240, 1631
2241, 1230
2242, 1534
2243, 1336
2244, 1333
2245, 1238
2246, 1534
2247, 1730
2248, 1430
2249, 1138
2250, 1432
2251, 1130
2252, 835
2253, 935
2254, 831
2255, 1338
2256, 936
2257, 935
2258, 1030
2259, 1131
2260, 735
2261, 936
2262, 836
2263, 1439
2264, 1338
2265, 1537
2266, 1536
2267, 1239
2268, 937
2269, 1038
2270, 1338
2271, 1533
2272, 1338
2273, 1537
2274, 1435
2275, 1230
2276, 1336
2277, 1336
2278, 934
2279, 1231
2280, 1333
2281, 1437
2282, 1037
2283, 939
2284, 1038
2285, 1039
2286, 1437
2287, 1038
2288, 939
2289, 1036
2290, 938
2291, 1030
2292, 839
2293, 838
2294, 1630
2295, 936
2296, 1030
2297, 1133
2298, 1032
2299, 834
2300, 832
2301, 1335
2302, 1134
2303, 938
2304, 1031
2305, 1038
2306, 831
2307, 934
2308, 832
2309, 1434
2310, 1030
2311, 839
2312, 1034
2313, 936
2314, 938
2315, 837
2316, 933
2317, 1238
2318, 936
2319, 1035
2320, 1132
2321, 930
2322, 836
2323, 834
2324, 1332
2325, 1239
2326, 933
2327, 1034
2328, 1035
2329, 736
2330, 933
2331, 933
2332, 1236
2333, 1037
2334, 832
2335, 1133
2336, 930
2337, 836
2338, 834
2339, 931
2340, 1031
2341, 936
2342, 1035
2343, 1130
2344, 938
2345, 838
2346, 835
2347, 1034
2348, 1232
2349, 933
2350, 1037
2351, 1034
2352, 739
2353, 837
2354, 938
2355, 1230
2356, 1034
2357, 836
2358, 1135
2359, 939
2360, 833
2361, 831
2362, 930
2363, 1130
2364, 939
2365, 836
2366, 1131
2367, 837
2368, 834
2369, 836
2370, 838
2371, 1334
2372, 839
2373, 1132
2374, 1031
2375, 1035
2376, 832
2377, 1030
2378, 1231
2379, 1237
2380, 834
2381, 1137
2382, 939
2383, 838
2384, 835
2385, 838
2386, 1235
2387, 1131
2388, 837
2389, 1130
2390, 836
2391, 830
2392, 931
2393, 832
2394, 1338
2395, 833
2396, 1135
2397, 938
2398, 1037
2399, 830
2400, 939
2401, 1037
2402, 933
2403, 839
2404, 1134
2405, 1031
2406, 933
2407, 836
2408, 839
2409, 1235
2410, 1038
2411, 838
2412, 1035
2413, 1033
2414, 832
2415, 935
2416, 830
2417, 1130
2418, 835
2419, 1231
2420, 937
2421, 1034
2422, 736
2423, 936
2424, 838
2425, 1134
2426, 836
2427, 1134
2428, 1031
2429, 835
2430, 835
2431, 933
2432, 1130
2433, 1034
2434, 936
2435, 1030
2436, 1131
2437, 738
2438, 939
2439, 738
2440, 1332
2441, 735
2442, 938
2443, 1033
2444, 1035
2445, 739
2446, 935
2447, 831
2448, 1332
2449, 838
2450, 1131
2451, 1035
2452, 830
2453, 832
2454, 835
2455, 1234
2456, 1037
2457, 939
2458, 1032
2459, 1132
2460, 735
2461, 939
2462, 739
2463, 1430
2464, 830
2465, 939
2466, 1030
2467, 1030
2468, 738
2469, 1130
2470, 839
2471, 937
2472, 1135
2473, 1335
2474, 1139
2475, 1130
2476, 1236
2477, 1334
2478, 1531
2479, 1437
2480, 1137
2481, 1630
2482, 1431
2483, 1236
2484, 1335
2485, 1438
2486, 1434
2487, 1336
2488, 931
2489, 1130
2490, 1538
2491, 1536
2492, 1538
2493, 1337
2494, 1335
2495, 835
2496, 1136
2497, 1139
2498, 1431
2499, 1338
2500, 1035
2501, 1139
2502, 1130
2503, 935
2504, 1033
2505, 1039
2506, 934
2507, 931
2508, 836
2509, 1330
2510, 1033
2511, 932
2512, 1130
2513, 1031
2514, 837
2515, 833
2516, 930
2517, 1335
2518, 838
2519, 835
2520, 1137
2521, 934
2522, 938
2523, 837
2524, 933
2525, 1433
2526, 933
2527, 1033
2528, 1039
2529, 1031
2530, 831
2531, 837
2532, 1436
2533, 1133
2534, 838
2535, 1234
2536, 837
2537, 736
2538, 834
2539, 939
2540, 1730
2541, 1431
2542, 1534
2543, 1335
2544, 1034
2545, 932
2546, 1235
2547, 1430
2548, 1630
2549, 1431
2550, 1535
2551, 1530
2552, 1435
2553, 1137
2554, 834
2555, 1435
2556, 1537
2557, 1634
2558, 1539
2559, 1533
2560, 1532
2561, 30
2562, 1238
2563, 1238
2564, 1131
2565, 835
2566, 1039
2567, 938
2568, 831
2569, 835
2570, 838
2571, 1236
2572, 833
2573, 934
2574, 1033
2575, 1036
2576, 739
2577, 937
2578, 737
2579, 1239
2580, 832
2581, 1136
2582, 936
2583, 836
2584, 833
2585, 937
2586, 1034
2587, 1138
2588, 836
2589, 1133
2590, 1032
2591, 931
2592, 1037
2593, 1439
2594, 1138
2595, 1334
2596, 1334
2597, 1433
2598, 1234
2599, 1432
2600, 1331
2601, 1532
2602, 1037
2603, 1234
2604, 1433
2605, 1533
2606, 1631
2607, 1435
2608, 1534
2609, 1233
2610, 1438
2611, 1530
2612, 1730
2613, 1538
2614, 1431
2615, 1436
2616, 31
2617, 1637
2618, 1134
2619, 939
2620, 1032
2621, 1131
2622, 738
2623, 937
2624, 738
2625, 1236
2626, 832
2627, 1137
2628, 938
2629, 1035
2630, 830
2631, 934
2632, 839
2633, 1030
2634, 939
2635, 1038
2636, 1131
2637, 636
2638, 832
2639, 1336
2640, 1734
2641, 1431
2642, 839
2643, 1031
2644, 1031
2645, 938
2646, 1036
2647, 1438
2648, 1636
2649, 1335
2650, 1531
2651, 1436
2652, 1332
2653, 1430
2654, 1537
2655, 1538
2656, 1532
2657, 1530
2658, 1533
2659, 934
2660, 1034
2661, 1037
2662, 1435
2663, 1234
2664, 1131
2665, 937
2666, 1030
2667, 1038
2668, 830
2669, 934
2670, 833
2671, 1330
2672, 1034
2673, 835
2674, 1130
2675, 935
2676, 833
2677, 833
2678, 932
2679, 931
2680, 938
2681, 938
2682, 1130
2683, 934
2684, 834
2685, 835
2686, 1334
2687, 1033
2688, 937
2689, 1034
2690, 1037
2691, 936
2692, 837
2693, 933
2694, 1235
2695, 1038
2696, 832
2697, 1136
2698, 1030
2699, 832
2700, 832
2701, 930
2702, 1036
2703, 931
2704, 837
2705, 1135
2706, 838
2707, 837
2708, 834
2709, 839
2710, 1130
2711, 932
2712, 1131
2713, 1031
2714, 1034
2715, 732
2716, 937
2717, 1234
2718, 1131
2719, 834
2720, 1134
2721, 939
2722, 838
2723, 834
2724, 931
2725, 1232
2726, 1130
2727, 835
2728, 1134
2729, 1030
2730, 835
2731, 839
2732, 835
2733, 1133
2734, 838
2735, 1135
2736, 1030
2737, 939
2738, 737
2739, 939
2740, 936
2741, 1332
2742, 835
2743, 1136
2744, 938
2745, 1035
2746, 832
2747, 935
2748, 1036
2749, 1039
2750, 837
2751, 1038
2752, 1035
2753, 738
2754, 936
2755, 738
2756, 1035
2757, 1030
2758, 936
2759, 1030
2760, 1036
2761, 736
2762, 938
2763, 834
2764, 1135
2765, 836
2766, 1135
2767, 1031
2768, 1036
2769, 735
2770, 932
2771, 835
2772, 1134
2773, 936
2774, 1033
2775, 1132
2776, 739
2777, 1030
2778, 738
2779, 1036
2780, 939
2781, 937
2782, 939
2783, 1131
2784, 735
2785, 936
2786, 830
2787, 1331
2788, 838
2789, 1136
2790, 1032
2791, 1035
2792, 832
2793, 838
2794, 931
2795, 1038
2796, 938
2797, 1037
2798, 1130
2799, 930
2800, 936
2801, 834
2802, 1135
2803, 939
2804, 932
2805, 1033
2806, 1035
2807, 730
2808, 933
2809, 831
2810, 1132
2811, 933
2812, 1036
2813, 1039
2814, 932
2815, 1033
2816, 933
2817, 939
2818, 1531
2819, 1236
2820, 1335
2821, 1238
2822, 1432
2823, 1331
2824, 1439
2825, 1637
2826, 1333
2827, 1338
2828, 1432
2829, 1437
2830, 1230
2831, 832
2832, 738
2833, 1130
2834, 1433
2835, 1632
2836, 1630
2837, 1536
2838, 1531
2839, 1034
2840, 1231
2841, 1439
2842, 1339
2843, 1234
2844, 1133
2845, 936
2846, 835
2847, 836
2848, 1239
2849, 938
2850, 934
2851, 1133
2852, 1033
2853, 831
2854, 833
2855, 930
2856, 939
2857, 1035
2858, 834
2859, 1137
2860, 938
2861, 934
2862, 837
2863, 932
2864, 1235
2865, 938
2866, 839
2867, 1130
2868, 931
2869, 830
2870, 930
2871, 833
2872, 1433
2873, 833
2874, 1230
2875, 939
2876, 938
2877, 831
2878, 838
2879, 839
2880, 1536
2881, 1439
2882, 1437
2883, 1330
2884, 834
2885, 939
2886, 1039
2887, 1630
2888, 1532
2889, 1533
2890, 1537
2891, 1532
2892, 1435
2893, 1239
2894, 835
2895, 1433
2896, 1435
2897, 1632
2898, 1238
2899, 1031
2900, 30
2901, 1338
2902, 1639
2903, 1232
2904, 835
2905, 1038
2906, 1030
2907, 931
2908, 838
2909, 834
2910, 1031
2911, 1031
2912, 937
2913, 1031
2914, 1030
2915, 738
2916, 937
2917, 739
2918, 1130
2919, 835
2920, 1136
2921, 939
2922, 1133
2923, 733
2924, 934
2925, 839
2926, 1335
2927, 839
2928, 1037
2929, 1036
2930, 737
2931, 937
2932, 831
2933, 1334
2934, 838
2935, 939
2936, 1033
2937, 1132
2938, 733
2939, 936
2940, 830
2941, 1337
2942, 833
2943, 939
2944, 839
2945, 1231
2946, 835
2947, 1239
2948, 1239
2949, 1530
2950, 1336
2951, 1532
2952, 1232
2953, 1436
2954, 1531
2955, 1337
2956, 1130
2957, 1131
2958, 1436
2959, 1631
2960, 1534
2961, 1436
2962, 1439
2963, 835
2964, 1237
2965, 1537
2966, 1435
2967, 1438
2968, 36
2969, 30
2970, 1533
2971, 1039
2972, 1031
2973, 936
2974, 1032
2975, 1131
2976, 834
2977, 839
2978, 834
2979, 1136
2980, 1230
2981, 937
2982, 1037
2983, 1132
2984, 739
2985, 934
2986, 930
2987, 1136
2988, 1033
2989, 835
2990, 1137
2991, 939
2992, 830
2993, 832
2994, 931
2995, 1037
2996, 938
2997, 837
2998, 1131
2999, 937
3000, 739
3001, 833
3002, 933
3003, 1039
3004, 935
3005, 1230
3006, 839
3007, 838
3008, 1136
3009, 1631
3010, 1530
3011, 1039
3012, 834
3013, 1030
3014, 1034
3015, 1030
3016, 1134
3017, 1533
3018, 1831
3019, 1435
3020, 1432
3021, 1537
3022, 1433
3023, 1435
3024, 1533
3025, 1536
3026, 1534
3027, 1531
3028, 1530
3029, 1130
3030, 1438
3031, 1434
3032, 1131
3033, 1039
3034, 1334
3035, 834
3036, 1133
3037, 1030
3038, 930
3039, 830
3040, 935
3041, 1134
3042, 1030
3043, 838
3044, 1130
3045, 1036
3046, 737
3047, 936
3048, 830
3049, 1139
3050, 830
3051, 1030
3052, 939
3053, 1032
3054, 737
3055, 939
3056, 830
3057, 1233
3058, 835
3059, 1134
3060, 1031
3061, 939
3062, 737
3063, 934
3064, 1237
3065, 1336
3066, 931
3067, 1032
3068, 1130
3069, 736
3070, 935
3071, 830
3072, 1038
3073, 939
3074, 936
3075, 1030
3076, 1130
3077, 735
3078, 937
3079, 830
3080, 1139
3081, 838
3082, 1136
3083, 1032
3084, 933
3085, 739
3086, 836
3087, 1236
3088, 1134
3089, 936
3090, 1030
3091, 1131
3092, 931
3093, 937
3094, 835
3095, 1231
3096, 939
3097, 934
3098, 1036
3099, 1131
3100, 739
3101, 932
3102, 833
3103, 1233
3104, 834
3105, 838
3106, 1132
3107, 934
3108, 838
3109, 836
3110, 838
3111, 1331
3112, 937
3113, 1033
3114, 1131
3115, 933
3116, 835
3117, 834
3118, 1337
3119, 1334
3120, 932
3121, 1033
3122, 1034
3123, 739
3124, 838
3125, 932
3126, 1232
3127, 939
3128, 833
3129, 1131
3130, 832
3131, 837
3132, 832
3133, 931
3134, 1039
3135, 938
3136, 1034
3137, 1133
3138, 932
3139, 836
3140, 836
3141, 1233
3142, 1131
3143, 839
3144, 1132
3145, 1032
3146, 1131
3147, 832
3148, 939
3149, 1230
3150, 1130
3151, 833
3152, 1138
3153, 1030
3154, 738
3155, 931
3156, 1032
3157, 1332
3158, 1235
3159, 1232
3160, 1235
3161, 1339
3162, 1337
3163, 1339
3164, 1536
3165, 1734
3166, 1332
3167, 1434
3168, 1439
3169, 1533
3170, 1435
3171, 1338
3172, 1132
3173, 1034
3174, 831
3175, 1037
3176, 1430
3177, 1537
3178, 1538
3179, 1633
3180, 1436
3181, 1033
3182, 1037
3183, 1537
3184, 1531
3185, 1235
3186, 1035
3187, 739
3188, 1334
3189, 834
3190, 1231
3191, 1030
3192, 1030
3193, 733
3194, 934
3195, 831
3196, 1238
3197, 838
3198, 1135
3199, 939
3200, 836
3201, 932
3202, 837
3203, 1138
3204, 936
3205, 934
3206, 1030
3207, 1033
3208, 733
3209, 938
3210, 739
3211, 1134
3212, 836
3213, 1132
3214, 1030
3215, 938
3216, 830
3217, 935
3218, 832
3219, 1133
3220, 930
3221, 1036
3222, 1037
3223, 937
3224, 934
3225, 834
3226, 1038
3227, 630
3228, 1035
3229, 1031
3230, 1131
3231, 735
3232, 937
3233, 832
3234, 1330
3235, 938
3236, 1134
3237, 1036
3238, 1339
3239, 1534
3240, 1631
3241, 1535
3242, 1030
3243, 1034
3244, 1534
3245, 1631
3246, 1532
3247, 1530
3248, 1431
3249, 1235
3250, 835
3251, 830
3252, 1334
3253, 1533
3254, 1631
3255, 1530
3256, 1339
3257, 1430
3258, 133
3259, 735
3260, 1036
3261, 935
3262, 931
3263, 835
3264, 932
3265, 931
3266, 1031
3267, 839
3268, 1136
3269, 839
3270, 837
3271, 833
3272, 931
3273, 1033
3274, 936
3275, 1031
3276, 1037
3277, 1032
3278, 838
3279, 932
3280, 1335
3281, 1238
3282, 834
3283, 1135
3284, 938
3285, 932
3286, 833
3287, 933
3288, 1038
3289, 931
3290, 836
3291, 1135
3292, 939
3293, 830
3294, 833
3295, 838
3296, 1134
3297, 932
3298, 1036
3299, 1033
3300, 1035
3301, 736
3302, 1033
3303, 1332
3304, 1332
3305, 1331
3306, 1438
3307, 1430
3308, 1238
3309, 1338
3310, 1537
3311, 1636
3312, 1432
3313, 1535
3314, 1534
3315, 1530
3316, 1538
3317, 1531
3318, 1430
3319, 1237
3320, 731
3321, 1230
3322, 1537
3323, 1439
3324, 1432
3325, 1437
3326, 30
3327, 135
3328, 733
3329, 1134
3330, 939
3331, 934
3332, 834
3333, 931
3334, 1132
3335, 1332
3336, 838
3337, 1036
3338, 1036
3339, 733
3340, 935
3341, 739
3342, 1230
3343, 938
3344, 939
3345, 1032
3346, 1033
3347, 737
3348, 937
3349, 739
3350, 1035
3351, 838
3352, 1135
3353, 1030
3354, 1038
3355, 833
3356, 932
3357, 1337
3358, 1332
3359, 1432
3360, 1633
3361, 1435
3362, 838
3363, 936
3364, 1534
3365, 1439
3366, 1634
3367, 1438
3368, 1339
3369, 1031
3370, 1036
3371, 1531
3372, 1538
3373, 1531
3374, 1437
3375, 1636
3376, 1633
3377, 1539
3378, 1032
3379, 837
3380, 834
3381, 1232
3382, 1030
3383, 1033
3384, 1133
3385, 736
3386, 938
3387, 835
3388, 1231
3389, 936
3390, 936
3391, 1030
3392, 1036
3393, 736
3394, 932
3395, 835
3396, 1039
3397, 838
3398, 837
3399, 1135
3400, 932
3401, 932
3402, 835
3403, 934
3404, 1334
3405, 938
3406, 939
3407, 1134
3408, 832
3409, 935
3410, 836
3411, 1134
3412, 1430
3413, 933
3414, 1130
3415, 938
3416, 830
3417, 831
3418, 933
3419, 1435
3420, 1133
3421, 738
3422, 1139
3423, 836
3424, 834
3425, 739
3426, 935
3427, 839
3428, 1030
3429, 1032
3430, 1131
3431, 934
3432, 837
3433, 838
3434, 1134
3435, 1137
3436, 835
3437, 1138
3438, 935
3439, 935
3440, 832
3441, 938
3442, 1235
3443, 1136
3444, 831
3445, 1137
3446, 938
3447, 837
3448, 832
3449, 933
3450, 1232
3451, 933
3452, 1035
3453, 1036
3454, 935
3455, 735
3456, 938
3457, 1130
