1, 1037
2, 1339
3, 839
4, 1431
5, 836
6, 1339
7, 930
8, 1236
9, 1031
10, 1039
11, 1230
12, 935
13, 1430
14, 931
15, 1436
16, 931
17, 1436
18, 930
19, 1430
20, 839
21, 1333
22, 838
23, 1339
24, 838
25, 1431
26, 834
27, 1332
28, 931
29, 1232
30, 1033
31, 1036
32, 1331
33, 934
34, 1430
35, 933
36, 1437
37, 934
38, 1431
39, 930
40, 1337
41, 839
42, 1339
43, 837
44, 1430
45, 836
46, 1431
47, 836
48, 1330
49, 934
50, 1132
51, 1131
52, 1032
53, 1335
54, 937
55, 1430
56, 933
57, 1436
58, 932
59, 1433
60, 930
61, 1337
62, 838
63, 1339
64, 835
65, 1432
66, 835
67, 1335
68, 839
69, 1239
70, 1031
71, 1039
72, 1137
73, 938
74, 1332
75, 932
76, 1435
77, 933
78, 1433
79, 931
80, 1433
81, 839
82, 1335
83, 838
84, 1338
85, 835
86, 1430
87, 833
88, 1331
89, 931
90, 1232
91, 1037
92, 1036
93, 1239
94, 934
95, 1338
96, 934
97, 1436
98, 932
99, 1432
100, 931
101, 1432
102, 839
103, 1337
104, 838
105, 1431
106, 834
107, 1338
108, 835
109, 1330
110, 934
111, 1133
112, 1132
113, 1031
114, 1332
115, 934
116, 1431
117, 934
118, 1437
119, 932
120, 1434
121, 839
122, 1336
123, 839
124, 1336
125, 931
126, 1339
127, 834
128, 1337
129, 839
130, 1237
131, 1033
132, 1131
133, 1235
134, 937
135, 1433
136, 936
137, 1438
138, 931
139, 1530
140, 931
141, 1436
142, 930
143, 1432
144, 838
145, 1433
146, 930
147, 1037
148, 930
149, 1036
150, 933
151, 1030
152, 1030
153, 933
154, 1038
155, 932
156, 1133
157, 838
158, 1135
159, 931
160, 1133
161, 838
162, 1131
163, 930
164, 1039
165, 931
166, 1038
167, 930
168, 1036
169, 932
170, 1034
171, 937
172, 936
173, 1036
174, 931
175, 1131
176, 931
177, 1132
178, 930
179, 1136
180, 930
181, 1136
182, 839
183, 1131
184, 932
185, 1038
186, 930
187, 1037
188, 930
189, 1033
190, 934
191, 1030
192, 1031
193, 936
194, 1037
195, 930
196, 1131
197, 932
198, 1134
199, 837
200, 1135
201, 930
202, 1130
203, 839
204, 1130
205, 932
206, 1037
207, 930
208, 1036
209, 932
210, 1032
211, 937
212, 937
213, 1032
214, 932
215, 1130
216, 930
217, 1132
218, 839
219, 1135
220, 930
221, 1136
222, 838
223, 1131
224, 930
225, 1037
226, 931
227, 1036
228, 935
229, 1036
230, 933
231, 1032
232, 939
233, 937
234, 1034
235, 931
236, 1132
237, 839
238, 1135
239, 930
240, 1133
241, 838
242, 1132
243, 839
244, 1039
245, 839
246, 1038
247, 930
248, 1036
249, 932
250, 1032
251, 936
252, 1030
253, 1031
254, 933
255, 1039
256, 930
257, 1132
258, 839
259, 1133
260, 1636
261, 1337
262, 831
263, 1231
264, 839
265, 1031
266, 835
267, 1030
268, 939
269, 1037
270, 930
271, 1033
272, 933
273, 833
274, 939
275, 830
276, 1234
277, 836
278, 1038
279, 838
280, 832
281, 930
282, 1038
283, 332
284, 1531
285, 537
286, 1735
287, 34
288, 2037
289, 30
290, 2032
291, 30
292, 1632
293, 30
294, 1236
295, 632
296, 734
297, 832
298, 633
299, 935
300, 734
301, 1135
302, 532
303, 1435
304, 235
305, 1636
306, 39
307, 1835
308, 435
309, 2037
310, 637
311, 1334
312, 1231
313, 837
314, 939
315, 830
316, 1433
317, 737
318, 831
319, 530
320, 1035
321, 435
322, 1232
323, 333
324, 1439
325, 435
326, 1931
327, 32
328, 2130
329, 30
330, 2037
331, 30
332, 1733
333, 31
334, 1132
335, 634
336, 734
337, 835
338, 632
339, 1030
340, 731
341, 1230
342, 431
343, 1533
344, 232
345, 1737
346, 35
347, 2034
348, 338
349, 2131
350, 30
351, 2130
352, 30
353, 1339
354, 1037
355, 836
356, 1335
357, 939
358, 1130
359, 837
360, 1130
361, 736
362, 1032
363, 835
364, 1230
365, 930
366, 939
367, 934
368, 1133
369, 833
370, 938
371, 839
372, 1338
373, 933
374, 934
375, 631
376, 634
377, 837
378, 535
379, 1032
380, 634
381, 1235
382, 339
383, 1538
384, 138
385, 1832
386, 32
387, 2038
388, 338
389, 2131
390, 30
391, 2037
392, 30
393, 1236
394, 838
395, 732
396, 1134
397, 833
398, 1130
399, 930
400, 1133
401, 736
402, 1035
403, 737
404, 1332
405, 832
406, 1131
407, 839
408, 1036
409, 833
410, 938
411, 839
412, 1037
413, 1032
414, 839
415, 1230
416, 738
417, 1035
418, 738
419, 1434
420, 732
421, 1038
422, 836
423, 1132
424, 931
425, 937
426, 834
427, 1530
428, 1136
429, 935
430, 936
431, 1033
432, 838
433, 836
434, 1039
435, 838
436, 938
437, 737
438, 1230
439, 836
440, 1136
441, 739
442, 1039
443, 932
444, 1239
445, 832
446, 1132
447, 935
448, 1130
449, 839
450, 938
451, 1235
452, 1038
453, 1033
454, 838
455, 1233
456, 832
457, 1133
458, 738
459, 1139
460, 1034
461, 1035
462, 835
463, 1138
464, 735
465, 1034
466, 834
467, 1235
468, 937
469, 936
470, 936
471, 1032
472, 939
473, 832
474, 1132
475, 1137
476, 1235
477, 735
478, 1137
479, 837
480, 1131
481, 831
482, 1037
483, 1032
484, 1235
485, 831
486, 1137
487, 836
488, 1136
489, 931
490, 1031
491, 1239
492, 1032
493, 1339
494, 737
495, 1536
496, 634
497, 1633
498, 635
499, 1932
500, 835
501, 1439
502, 635
503, 1539
504, 636
505, 1338
506, 730
507, 1734
508, 837
509, 1239
510, 1038
511, 1130
512, 1432
513, 732
514, 1835
515, 1139
516, 2234
517, 832
518, 2730
519, 737
520, 2738
521, 636
522, 2936
523, 938
524, 2831
525, 535
526, 3133
527, 437
528, 3138
529, 30
530, 4036
531, 239
532, 4036
533, 130
534, 4032
535, 133
536, 4035
537, 235
538, 3838
539, 332
540, 3639
541, 1938
542, 1637
543, 3630
544, 434
545, 3637
546, 30
547, 2833
548, 30
549, 3032
550, 31
551, 2734
552, 32
553, 3936
554, 31
555, 737
556, 2033
557, 735
558, 2734
559, 735
560, 2730
561, 633
562, 2530
563, 734
564, 2439
565, 533
566, 2730
567, 736
568, 2336
569, 1032
570, 1638
571, 1832
572, 1131
573, 1839
574, 932
575, 1435
576, 831
577, 1037
578, 830
579, 1131
580, 832
581, 1035
582, 838
583, 1034
584, 936
585, 1032
586, 836
587, 1233
588, 835
589, 936
590, 933
591, 1234
592, 2330
593, 835
594, 2530
595, 833
596, 2139
597, 736
598, 2636
599, 731
600, 2634
601, 632
602, 2631
603, 931
604, 1131
605, 833
606, 1037
607, 839
608, 933
609, 935
610, 839
611, 1234
612, 832
613, 1037
614, 835
615, 1031
616, 737
617, 1036
618, 739
619, 1233
620, 739
621, 1036
622, 933
623, 939
624, 832
625, 1031
626, 930
627, 1231
628, 838
629, 935
630, 1038
631, 836
632, 1036
633, 834
634, 1236
635, 838
636, 1031
637, 838
638, 1138
639, 835
640, 1037
641, 839
642, 1137
643, 639
644, 1031
645, 931
646, 1131
647, 30
648, 1839
649, 30
650, 1239
651, 630
652, 939
653, 733
654, 735
655, 939
656, 636
657, 1137
658, 535
659, 1531
660, 339
661, 1930
662, 133
663, 2236
664, 30
665, 2334
666, 330
667, 2332
668, 30
669, 1736
670, 536
671, 935
672, 532
673, 738
674, 1335
675, 1130
676, 939
677, 837
678, 1133
679, 838
680, 938
681, 836
682, 1331
683, 530
684, 2431
685, 30
686, 2532
687, 30
688, 1834
689, 230
690, 935
691, 736
692, 1030
693, 935
694, 730
695, 1133
696, 539
697, 1334
698, 436
699, 1731
700, 236
701, 2134
702, 32
703, 2432
704, 30
705, 2437
706, 133
707, 2032
708, 31
709, 1133
710, 735
711, 831
712, 839
713, 730
714, 737
715, 1131
716, 1030
717, 837
718, 1038
719, 836
720, 1030
721, 839
722, 937
723, 1035
724, 932
725, 931
726, 936
727, 1038
728, 834
729, 1036
730, 738
731, 1235
732, 736
733, 1130
734, 336
735, 1139
736, 435
737, 1439
738, 239
739, 1835
740, 38
741, 2236
742, 30
743, 2335
744, 30
745, 2238
746, 30
747, 1634
748, 535
749, 1032
750, 832
751, 739
752, 1034
753, 635
754, 1139
755, 737
756, 1439
757, 333
758, 1839
759, 132
760, 2231
761, 30
762, 2439
763, 238
764, 2534
765, 30
766, 1836
767, 231
768, 933
769, 736
770, 537
771, 1031
772, 732
773, 1038
774, 835
775, 1130
776, 835
777, 1035
778, 835
779, 1031
780, 1130
781, 1134
782, 932
783, 1937
784, 834
785, 938
786, 939
787, 930
788, 1038
789, 931
790, 1131
791, 537
792, 1036
793, 539
794, 1238
795, 535
796, 1633
797, 339
798, 935
799, 835
800, 1133
801, 838
802, 936
803, 935
804, 1835
805, 30
806, 1437
807, 635
808, 837
809, 836
810, 737
811, 1033
812, 835
813, 1331
814, 439
815, 1638
816, 333
817, 1839
818, 838
819, 1034
820, 931
821, 738
822, 932
823, 1034
824, 839
825, 930
826, 937
827, 635
828, 734
829, 930
830, 1037
831, 634
832, 1234
833, 430
834, 1332
835, 734
836, 1833
837, 136
838, 2237
839, 30
840, 2530
841, 30
842, 2437
843, 131
844, 2032
845, 32
846, 1032
847, 831
848, 733
849, 1131
850, 1034
851, 1233
852, 738
853, 1034
854, 934
855, 1035
856, 239
857, 2032
858, 735
859, 930
860, 832
861, 1031
862, 1030
863, 939
864, 30
865, 1433
866, 2131
867, 1137
868, 939
869, 831
870, 1039
871, 531
872, 1334
873, 437
874, 730
875, 1038
876, 1030
877, 835
878, 2039
879, 30
880, 1139
881, 936
882, 839
883, 1237
884, 832
885, 939
886, 834
887, 837
888, 738
889, 637
890, 832
891, 1334
892, 739
893, 1032
894, 38
895, 1834
896, 1733
897, 1330
898, 1132
899, 1335
900, 836
901, 939
902, 933
903, 1035
904, 1033
905, 935
906, 1032
907, 1030
908, 935
909, 738
910, 1031
911, 835
912, 1034
913, 931
914, 1030
915, 1031
916, 935
917, 739
918, 936
919, 835
920, 939
921, 935
922, 837
923, 1335
924, 737
925, 930
926, 833
927, 1039
928, 838
929, 1134
930, 831
931, 1332
932, 734
933, 1034
934, 738
935, 1834
936, 131
937, 2138
938, 30
939, 2533
940, 30
941, 2539
942, 30
943, 1936
944, 36
945, 1033
946, 833
947, 739
948, 1034
949, 734
950, 1334
951, 535
952, 1531
953, 430
954, 1837
955, 437
956, 2231
957, 31
958, 2539
959, 30
960, 2532
961, 30
962, 734
963, 1039
964, 738
965, 938
966, 832
967, 1133
968, 834
969, 1137
970, 739
971, 1131
972, 736
973, 1031
974, 930
975, 1132
976, 933
977, 2138
978, 232
979, 2532
980, 30
981, 2635
982, 30
983, 1837
984, 237
985, 935
986, 839
987, 834
988, 1132
989, 632
990, 1431
991, 532
992, 1633
993, 339
994, 1836
995, 435
996, 2334
997, 30
998, 2638
999, 30
1000, 2532
1001, 30
1002, 2031
1003, 237
1004, 1437
1005, 436
1006, 835
1007, 1035
1008, 930
1009, 1138
1010, 939
1011, 1136
1012, 733
1013, 1032
1014, 838
1015, 1135
1016, 934
1017, 1134
1018, 1134
1019, 1037
1020, 831
1021, 934
1022, 1033
1023, 933
1024, 1131
1025, 836
1026, 1235
1027, 731
1028, 1035
1029, 733
1030, 1033
1031, 734
1032, 1138
1033, 739
1034, 1132
1035, 930
1036, 936
1037, 830
1038, 1036
1039, 838
1040, 1037
1041, 835
1042, 1133
1043, 1036
1044, 737
1045, 1032
1046, 830
1047, 1133
1048, 835
1049, 1036
1050, 932
1051, 1036
1052, 734
1053, 1032
1054, 837
1055, 1039
1056, 839
1057, 1131
1058, 834
1059, 935
1060, 830
1061, 934
1062, 934
1063, 934
1064, 1131
1065, 738
1066, 1039
1067, 730
1068, 1034
1069, 733
1070, 1039
1071, 832
1072, 1232
1073, 837
1074, 1134
1075, 736
1076, 1033
1077, 831
1078, 1036
1079, 833
1080, 1038
1081, 835
1082, 1038
1083, 839
1084, 832
1085, 1032
1086, 834
1087, 1039
1088, 838
1089, 1036
1090, 1036
1091, 1032
1092, 735
1093, 1038
1094, 836
1095, 1037
1096, 930
1097, 1332
1098, 1036
1099, 931
1100, 831
1101, 1033
1102, 933
1103, 935
1104, 1037
1105, 1132
1106, 1334
1107, 732
1108, 1034
1109, 835
1110, 1138
1111, 836
1112, 1230
1113, 1132
1114, 1134
1115, 732
1116, 1031
1117, 839
1118, 1135
1119, 933
1120, 1130
1121, 934
1122, 1037
1123, 834
1124, 836
1125, 1132
1126, 930
1127, 1131
1128, 836
1129, 1230
1130, 838
1131, 939
1132, 734
1133, 1132
1134, 837
1135, 1136
1136, 838
1137, 1139
1138, 930
1139, 932
1140, 832
1141, 1036
1142, 935
1143, 939
1144, 1035
1145, 1130
1146, 1033
1147, 733
1148, 1034
1149, 734
1150, 1230
1151, 835
1152, 1035
1153, 836
1154, 936
1155, 736
1156, 938
1157, 933
1158, 1131
1159, 934
1160, 936
1161, 936
1162, 930
1163, 837
1164, 836
1165, 934
1166, 931
1167, 2332
1168, 531
1169, 1037
1170, 739
1171, 1036
1172, 936
1173, 1134
1174, 939
1175, 1038
1176, 539
1177, 638
1178, 30
1179, 30
1180, 30
1181, 30
1182, 30
1183, 31
1184, 31
1185, 30
1186, 30
1187, 635
1188, 739
1189, 834
1190, 1031
1191, 935
1192, 1038
1193, 1037
1194, 933
1195, 734
1196, 1032
1197, 839
1198, 1037
1199, 932
1200, 1037
1201, 935
1202, 930
1203, 930
1204, 1031
1205, 1030
1206, 833
1207, 1035
1208, 1032
1209, 1239
1210, 737
1211, 1033
1212, 931
1213, 1034
1214, 832
1215, 1038
1216, 1338
1217, 1136
1218, 830
1219, 1030
1220, 938
1221, 1036
1222, 939
1223, 1031
1224, 1234
1225, 1237
1226, 835
1227, 1533
1228, 1633
1229, 1631
1230, 1436
1231, 935
1232, 1136
1233, 1033
1234, 934
1235, 834
1236, 1037
1237, 1534
1238, 1634
1239, 1530
1240, 1236
1241, 937
1242, 839
1243, 839
1244, 938
1245, 839
1246, 1538
1247, 1631
1248, 1339
1249, 1132
1250, 738
1251, 1031
1252, 935
1253, 937
1254, 1539
1255, 1634
1256, 1739
1257, 1135
1258, 739
1259, 939
1260, 935
1261, 730
1262, 1434
1263, 1834
1264, 1430
1265, 1030
1266, 837
1267, 837
1268, 1130
1269, 932
1270, 1131
1271, 838
1272, 1334
1273, 935
1274, 935
1275, 833
1276, 1138
1277, 839
1278, 1038
1279, 931
1280, 1332
1281, 834
1282, 933
1283, 838
1284, 1037
1285, 835
1286, 935
1287, 1034
1288, 1035
1289, 1130
1290, 736
1291, 1030
1292, 930
1293, 1037
1294, 935
1295, 1131
1296, 1036
1297, 1133
1298, 830
1299, 939
1300, 937
1301, 1034
1302, 936
1303, 1032
1304, 1230
1305, 936
1306, 837
1307, 930
1308, 1133
1309, 839
1310, 1038
1311, 836
1312, 1336
1313, 934
1314, 935
1315, 639
1316, 1232
1317, 1230
1318, 1337
1319, 1335
1320, 1531
1321, 1238
1322, 1631
1323, 1436
1324, 1530
1325, 1431
1326, 1538
1327, 1435
1328, 1639
1329, 1232
1330, 1530
1331, 1331
1332, 836
1333, 1435
1334, 1530
1335, 1135
1336, 1133
1337, 936
1338, 831
1339, 938
1340, 931
1341, 1038
1342, 934
1343, 936
1344, 935
1345, 930
1346, 834
1347, 932
1348, 938
1349, 937
1350, 1035
1351, 830
1352, 1039
1353, 830
1354, 936
1355, 831
1356, 1039
1357, 933
1358, 1332
1359, 1239
1360, 1534
1361, 1238
1362, 1339
1363, 1334
1364, 1633
1365, 1433
1366, 1336
1367, 1135
1368, 1633
1369, 1239
1370, 935
1371, 1533
1372, 1430
1373, 1336
1374, 1532
1375, 1134
1376, 835
1377, 937
1378, 737
1379, 1031
1380, 834
1381, 1039
1382, 933
1383, 938
1384, 1039
1385, 930
1386, 739
1387, 936
1388, 932
1389, 937
1390, 1032
1391, 834
1392, 1036
1393, 734
1394, 939
1395, 736
1396, 1039
1397, 833
1398, 1134
1399, 735
1400, 1135
1401, 734
1402, 1031
1403, 834
1404, 1035
1405, 838
1406, 1131
1407, 1038
1408, 1335
1409, 739
1410, 1233
1411, 1038
1412, 838
1413, 1335
1414, 638
1415, 1736
1416, 839
1417, 1431
1418, 631
1419, 1630
1420, 632
1421, 1435
1422, 731
1423, 1439
1424, 834
1425, 1231
1426, 635
1427, 1335
1428, 735
1429, 1234
1430, 930
1431, 1130
1432, 1134
1433, 839
1434, 1138
1435, 734
1436, 1430
1437, 637
1438, 1439
1439, 738
1440, 1439
1441, 636
1442, 1330
1443, 733
1444, 1331
1445, 832
1446, 1330
1447, 930
1448, 1331
1449, 637
1450, 1134
1451, 831
1452, 1037
1453, 1036
1454, 830
1455, 1537
1456, 835
1457, 1138
1458, 634
1459, 1436
1460, 637
1461, 1433
1462, 636
1463, 1431
1464, 639
1465, 1233
1466, 636
1467, 1333
1468, 736
1469, 1239
1470, 830
1471, 1334
1472, 839
1473, 939
1474, 930
1475, 934
1476, 1230
1477, 734
1478, 1333
1479, 1033
1480, 1432
1481, 638
1482, 1332
1483, 635
1484, 1336
1485, 731
1486, 1332
1487, 836
1488, 1333
1489, 634
1490, 1230
1491, 830
1492, 1139
1493, 839
1494, 1133
1495, 1038
1496, 939
1497, 939
1498, 734
1499, 1337
1500, 639
1501, 1433
1502, 636
1503, 1836
1504, 831
1505, 1236
1506, 631
1507, 1339
1508, 732
1509, 1336
1510, 739
1511, 1339
1512, 731
1513, 1131
1514, 735
1515, 1132
1516, 933
1517, 932
1518, 1135
1519, 935
1520, 1239
1521, 731
1522, 1237
1523, 639
1524, 1430
1525, 637
1526, 1338
1527, 937
1528, 1337
1529, 630
1530, 1233
1531, 738
1532, 1234
1533, 832
1534, 1232
1535, 1030
1536, 930
1537, 830
1538, 931
1539, 1136
1540, 739
1541, 1334
1542, 731
1543, 1637
1544, 1036
1545, 1236
1546, 632
1547, 1437
1548, 734
1549, 1337
1550, 736
1551, 1534
1552, 733
1553, 1136
1554, 731
1555, 1239
1556, 830
1557, 1131
1558, 935
1559, 1232
1560, 1039
1561, 739
1562, 1139
1563, 732
1564, 1430
1565, 733
1566, 1437
1567, 834
1568, 1130
1569, 634
1570, 1237
1571, 735
1572, 1331
1573, 831
1574, 1239
1575, 935
1576, 1230
1577, 638
1578, 1036
1579, 935
1580, 938
1581, 1133
1582, 832
1583, 1430
1584, 837
1585, 1231
1586, 634
1587, 1437
1588, 637
1589, 1434
1590, 639
1591, 1537
1592, 831
1593, 1136
1594, 639
1595, 1334
1596, 738
1597, 1236
1598, 835
1599, 1333
1600, 635
1601, 933
1602, 936
1603, 837
1604, 1230
1605, 732
1606, 1338
1607, 835
1608, 1633
1609, 638
1610, 1239
1611, 638
1612, 1431
1613, 736
1614, 1332
1615, 833
1616, 1334
1617, 633
1618, 1136
1619, 836
1620, 1134
1621, 934
1622, 1032
1623, 1137
1624, 931
1625, 1131
1626, 639
1627, 1430
1628, 734
1629, 1433
1630, 630
1631, 1434
1632, 637
1633, 1234
1634, 634
1635, 1335
1636, 735
1637, 1234
1638, 730
1639, 1335
1640, 639
1641, 1033
1642, 831
1643, 937
1644, 1036
1645, 833
1646, 1235
1647, 739
1648, 1139
1649, 639
1650, 1332
1651, 634
1652, 1333
1653, 638
1654, 1237
1655, 739
1656, 1232
1657, 634
1658, 1230
1659, 738
1660, 1237
1661, 836
1662, 1036
1663, 1136
1664, 932
1665, 935
1666, 737
1667, 1230
1668, 733
1669, 1336
1670, 632
1671, 1631
1672, 639
1673, 1239
1674, 631
1675, 1338
1676, 732
1677, 1333
1678, 639
1679, 1336
1680, 632
1681, 1138
1682, 830
1683, 1133
1684, 836
1685, 1032
1686, 1036
1687, 1135
1688, 1037
1689, 733
1690, 1333
1691, 637
1692, 1334
1693, 638
1694, 1536
1695, 936
1696, 1230
1697, 632
1698, 1236
1699, 736
1700, 1232
1701, 830
1702, 1134
1703, 931
1704, 1034
1705, 739
1706, 936
1707, 1032
1708, 739
1709, 1236
1710, 634
1711, 1537
1712, 730
1713, 1331
1714, 638
1715, 1239
1716, 633
1717, 1430
1718, 830
1719, 1434
1720, 634
1721, 1230
1722, 734
1723, 1230
1724, 833
1725, 1135
1726, 1037
1727, 1033
1728, 930
1729, 836
1730, 1134
1731, 732
1732, 1331
1733, 638
1734, 1330
1735, 936
1736, 1235
1737, 630
1738, 1239
1739, 637
1740, 1332
1741, 738
1742, 1134
1743, 1033
1744, 1131
1745, 730
1746, 1136
1747, 834
1748, 1032
1749, 1035
1750, 1032
1751, 1234
1752, 731
1753, 1235
1754, 639
1755, 1335
1756, 635
1757, 1433
1758, 737
1759, 1338
1760, 634
1761, 1234
1762, 735
1763, 1333
1764, 835
1765, 1236
1766, 835
1767, 1138
1768, 736
1769, 1030
1770, 1035
1771, 934
1772, 1235
1773, 733
1774, 1536
1775, 537
1776, 1237
1777, 630
1778, 1434
1779, 632
1780, 1434
1781, 734
1782, 1436
1783, 930
1784, 1135
1785, 637
1786, 1330
1787, 834
1788, 1233
1789, 837
1790, 1231
1791, 930
1792, 836
1793, 1037
1794, 736
1795, 1333
1796, 636
1797, 1336
1798, 935
1799, 1432
1800, 634
1801, 1330
1802, 732
1803, 1430
1804, 739
1805, 1239
1806, 635
1807, 1239
1808, 637
1809, 1133
1810, 832
1811, 1035
1812, 1032
1813, 833
1814, 1034
1815, 734
1816, 1230
1817, 634
1818, 1430
1819, 637
1820, 1433
1821, 632
1822, 1537
1823, 635
1824, 1233
1825, 635
1826, 1237
1827, 739
1828, 1236
1829, 731
1830, 1235
1831, 732
1832, 1032
1833, 838
1834, 837
1835, 1137
1836, 735
1837, 1231
1838, 931
1839, 1233
1840, 637
1841, 1330
1842, 636
1843, 1334
1844, 639
1845, 1234
1846, 930
1847, 1133
1848, 635
1849, 1231
1850, 736
1851, 1234
1852, 838
1853, 1233
1854, 1232
1855, 838
1856, 1034
1857, 737
1858, 1238
1859, 636
1860, 1339
1861, 834
1862, 1537
1863, 637
1864, 1330
1865, 730
1866, 1333
1867, 639
1868, 1239
1869, 930
1870, 1435
1871, 632
1872, 1134
1873, 833
1874, 1130
1875, 936
1876, 934
1877, 1033
1878, 1031
1879, 1134
1880, 731
1881, 1335
1882, 635
1883, 1437
1884, 639
1885, 1633
1886, 836
1887, 1231
1888, 634
1889, 1333
1890, 737
1891, 1137
1892, 831
1893, 1437
1894, 1230
1895, 1030
1896, 833
1897, 936
1898, 1134
1899, 832
1900, 1333
1901, 734
1902, 1637
1903, 730
1904, 1332
1905, 638
1906, 1239
1907, 638
1908, 1336
1909, 935
1910, 1334
1911, 633
1912, 1136
1913, 831
1914, 1232
1915, 837
1916, 1133
1917, 1232
1918, 1031
1919, 931
1920, 736
1921, 1334
1922, 639
1923, 1339
1924, 636
1925, 1931
1926, 830
1927, 1236
1928, 631
1929, 1332
1930, 639
1931, 1239
1932, 738
1933, 1437
1934, 739
1935, 1130
1936, 733
1937, 1136
1938, 937
1939, 939
1940, 1038
1941, 1038
1942, 1239
1943, 733
1944, 1236
1945, 730
1946, 1331
1947, 638
1948, 1434
1949, 1034
1950, 1239
1951, 631
1952, 1232
1953, 830
1954, 1330
1955, 833
1956, 1238
1957, 936
1958, 1231
1959, 737
1960, 934
1961, 1132
1962, 833
1963, 1331
1964, 731
1965, 1539
1966, 932
1967, 1235
1968, 631
1969, 1434
1970, 732
1971, 1338
1972, 732
1973, 1432
1974, 739
1975, 1134
1976, 637
1977, 1238
1978, 832
1979, 1137
1980, 931
1981, 1033
1982, 739
1983, 832
1984, 1136
1985, 734
1986, 1337
1987, 731
1988, 1436
1989, 931
1990, 1434
1991, 635
1992, 1238
1993, 733
1994, 1330
1995, 830
1996, 1237
1997, 836
1998, 1334
1999, 834
2000, 1332
2001, 838
2002, 1132
2003, 934
2004, 932
2005, 1231
2006, 838
2007, 1133
2008, 934
2009, 1239
2010, 930
2011, 1430
2012, 839
2013, 1336
2014, 938
2015, 1330
2016, 839
2017, 1336
2018, 837
2019, 1431
2020, 833
2021, 1231
2022, 935
2023, 937
2024, 937
2025, 839
2026, 1334
2027, 732
2028, 1335
2029, 731
2030, 1235
2031, 636
2032, 1331
2033, 635
2034, 1334
2035, 839
2036, 1334
2037, 930
2038, 1336
2039, 838
2040, 1337
2041, 833
2042, 1331
2043, 930
2044, 1230
2045, 938
2046, 1134
2047, 938
2048, 835
2049, 1136
2050, 736
2051, 1234
2052, 732
2053, 1339
2054, 738
2055, 1131
2056, 836
2057, 1234
2058, 839
2059, 1238
2060, 838
2061, 1433
2062, 835
2063, 1339
2064, 834
2065, 1237
2066, 837
2067, 1130
2068, 1037
2069, 936
2070, 1335
2071, 932
2072, 1432
2073, 932
2074, 1431
2075, 930
2076, 1339
2077, 931
2078, 1333
2079, 931
2080, 1337
2081, 837
2082, 1430
2083, 834
2084, 1331
2085, 838
2086, 1236
2087, 939
2088, 1039
2089, 1138
2090, 936
2091, 1331
2092, 934
2093, 1433
2094, 931
2095, 1431
2096, 931
2097, 1339
2098, 839
2099, 1337
2100, 837
2101, 1335
2102, 836
2103, 1338
2104, 834
2105, 1331
2106, 838
2107, 1236
2108, 939
2109, 1039
2110, 1136
2111, 936
2112, 1335
2113, 934
2114, 1339
2115, 931
2116, 1435
2117, 931
2118, 1434
2119, 931
2120, 1332
2121, 837
2122, 1336
2123, 838
2124, 1338
2125, 836
2126, 1334
2127, 838
2128, 1236
2129, 938
2130, 1039
2131, 1137
2132, 937
2133, 1334
2134, 934
2135, 1339
2136, 931
2137, 1433
2138, 930
2139, 1430
2140, 930
2141, 1332
2142, 837
2143, 1335
2144, 839
2145, 1337
2146, 834
2147, 1334
2148, 839
2149, 1330
2150, 938
2151, 1131
2152, 1133
2153, 937
2154, 1330
2155, 932
2156, 1339
2157, 931
2158, 1433
2159, 932
2160, 1431
2161, 931
2162, 1334
2163, 837
2164, 1335
2165, 838
2166, 1337
2167, 834
2168, 1336
2169, 930
2170, 1237
2171, 936
2172, 1130
2173, 1132
2174, 937
2175, 1332
2176, 933
2177, 1430
2178, 931
2179, 1438
2180, 930
2181, 1433
2182, 931
2183, 1334
2184, 838
2185, 1335
2186, 838
2187, 1337
2188, 833
2189, 1337
2190, 839
2191, 1237
2192, 934
2193, 1131
2194, 1133
2195, 939
2196, 1333
2197, 935
2198, 1338
2199, 931
2200, 1434
2201, 931
2202, 1431
2203, 932
2204, 1333
2205, 931
2206, 1333
2207, 834
2208, 1433
2209, 837
2210, 1334
2211, 835
2212, 1133
2213, 936
2214, 935
2215, 931
2216, 834
2217, 1235
2218, 832
2219, 1236
2220, 833
2221, 1234
2222, 935
2223, 1235
2224, 839
2225, 1234
2226, 930
2227, 1234
2228, 836
2229, 1233
2230, 734
2231, 1135
2232, 830
2233, 1134
2234, 838
2235, 1035
2236, 1030
2237, 937
2238, 1230
2239, 936
2240, 1332
2241, 931
2242, 1434
2243, 931
2244, 1339
2245, 930
2246, 1337
2247, 839
2248, 1334
2249, 838
2250, 1337
2251, 838
2252, 1338
2253, 838
2254, 1237
2255, 932
2256, 1133
2257, 1036
2258, 1032
2259, 1239
2260, 934
2261, 1339
2262, 930
2263, 1436
2264, 932
2265, 1431
2266, 930
2267, 1335
2268, 839
2269, 1337
2270, 839
2271, 1334
2272, 836
2273, 1337
2274, 834
2275, 1238
2276, 932
2277, 1134
2278, 1036
2279, 1032
2280, 1236
2281, 936
2282, 1335
2283, 931
2284, 1437
2285, 934
2286, 1436
2287, 839
2288, 1335
2289, 930
2290, 1333
2291, 838
2292, 1339
2293, 833
2294, 1336
2295, 835
2296, 1238
2297, 931
2298, 1136
2299, 1036
2300, 1034
2301, 1330
2302, 934
2303, 1337
2304, 932
2305, 1431
2306, 932
2307, 1432
2308, 930
2309, 1334
2310, 839
2311, 1334
2312, 836
2313, 1337
2314, 837
2315, 1337
2316, 835
2317, 1237
2318, 933
2319, 1136
2320, 1038
2321, 1032
2322, 1239
2323, 935
2324, 1338
2325, 935
2326, 1434
2327, 931
2328, 1338
2329, 839
2330, 1333
2331, 930
2332, 1334
2333, 839
2334, 1338
2335, 836
2336, 1335
2337, 836
2338, 1238
2339, 932
2340, 1134
2341, 1036
2342, 1032
2343, 1236
2344, 934
2345, 1337
2346, 931
2347, 1436
2348, 930
2349, 1433
2350, 932
2351, 1334
2352, 839
2353, 1332
2354, 839
2355, 1336
2356, 836
2357, 1339
2358, 839
2359, 1237
2360, 931
2361, 1134
2362, 1037
2363, 1032
2364, 1239
2365, 935
2366, 1339
2367, 931
2368, 1436
2369, 931
2370, 1338
2371, 932
2372, 1334
2373, 930
2374, 1338
2375, 838
2376, 1337
2377, 835
2378, 1336
2379, 837
2380, 1237
2381, 933
2382, 1133
2383, 1038
2384, 1034
2385, 1330
2386, 934
2387, 1338
2388, 934
2389, 1437
2390, 934
2391, 1431
2392, 933
2393, 1333
2394, 930
2395, 1332
2396, 839
2397, 1339
2398, 836
2399, 1336
2400, 834
2401, 1330
2402, 932
2403, 1135
2404, 1038
2405, 1035
2406, 1331
2407, 934
2408, 1338
2409, 932
2410, 1432
2411, 932
2412, 1431
2413, 839
2414, 1333
2415, 839
2416, 1333
2417, 838
2418, 1430
2419, 838
2420, 1336
2421, 837
2422, 1238
2423, 932
2424, 1135
2425, 1036
2426, 1031
2427, 1330
2428, 935
2429, 1431
2430, 933
2431, 1433
2432, 932
2433, 1431
2434, 930
2435, 1336
2436, 930
2437, 1333
2438, 839
2439, 1336
2440, 837
2441, 1337
2442, 836
2443, 1238
2444, 932
2445, 1136
2446, 1038
2447, 1033
2448, 1330
2449, 936
2450, 1337
2451, 931
2452, 1431
2453, 933
2454, 1433
2455, 933
2456, 1335
2457, 839
2458, 1333
2459, 839
2460, 1335
2461, 835
2462, 1334
2463, 838
2464, 1238
2465, 930
2466, 1135
2467, 1034
2468, 1032
2469, 1330
2470, 936
2471, 1337
2472, 932
2473, 1434
2474, 932
2475, 1434
2476, 931
2477, 1336
2478, 839
2479, 1334
2480, 838
2481, 1336
2482, 836
2483, 1332
2484, 833
2485, 1330
2486, 838
2487, 1230
2488, 935
2489, 1033
2490, 1137
2491, 935
2492, 1238
2493, 932
2494, 1433
2495, 931
2496, 1430
2497, 932
2498, 1336
2499, 930
2500, 1332
2501, 838
2502, 1336
2503, 835
2504, 1336
2505, 835
2506, 1239
2507, 932
2508, 1137
2509, 1038
2510, 1033
2511, 1239
2512, 935
2513, 1335
2514, 932
2515, 1434
2516, 932
2517, 1432
2518, 932
2519, 1334
2520, 837
2521, 1334
2522, 838
2523, 1338
2524, 837
2525, 1339
2526, 835
2527, 1238
2528, 931
2529, 1137
2530, 1037
2531, 1033
2532, 1331
2533, 937
2534, 1336
2535, 932
2536, 1436
2537, 930
2538, 1433
2539, 839
2540, 1336
2541, 930
2542, 1333
2543, 839
2544, 1338
2545, 835
2546, 1337
2547, 836
2548, 1239
2549, 933
2550, 1138
2551, 1035
2552, 1034
2553, 1237
2554, 936
2555, 1338
2556, 932
2557, 1432
2558, 933
2559, 1431
2560, 932
2561, 1339
2562, 930
2563, 1334
2564, 933
2565, 1339
2566, 838
2567, 1337
2568, 835
2569, 1330
2570, 932
2571, 1136
2572, 1037
2573, 1033
2574, 1236
2575, 937
2576, 1337
2577, 933
2578, 1433
2579, 931
2580, 1431
2581, 930
2582, 1334
2583, 930
2584, 1334
2585, 839
2586, 1337
2587, 837
2588, 1335
2589, 835
2590, 1239
2591, 931
2592, 1231
2593, 1034
2594, 1035
2595, 1237
2596, 936
2597, 1339
2598, 932
2599, 1434
2600, 930
2601, 1431
2602, 930
2603, 1338
2604, 930
2605, 1333
2606, 838
2607, 1335
2608, 838
2609, 1430
2610, 834
2611, 1239
2612, 930
2613, 1234
2614, 1034
2615, 1036
2616, 1233
2617, 936
2618, 1335
2619, 933
2620, 1431
2621, 933
2622, 1338
2623, 931
2624, 1431
2625, 931
2626, 1332
2627, 837
2628, 1334
2629, 837
2630, 1337
2631, 834
2632, 1332
2633, 839
2634, 1231
2635, 1032
2636, 1035
2637, 1137
2638, 1030
2639, 1235
2640, 933
2641, 1331
2642, 933
2643, 1239
2644, 932
2645, 1332
2646, 930
2647, 1331
2648, 837
2649, 1335
2650, 837
2651, 1339
2652, 834
2653, 1338
2654, 833
2655, 1330
2656, 838
2657, 1039
2658, 938
2659, 938
2660, 1135
2661, 938
2662, 1139
2663, 931
2664, 1334
2665, 932
2666, 1337
2667, 839
2668, 1334
2669, 931
2670, 1335
2671, 837
2672, 1337
2673, 836
2674, 1332
2675, 836
2676, 1236
2677, 1030
2678, 1132
2679, 1136
2680, 935
2681, 1239
2682, 933
2683, 1337
2684, 932
2685, 1339
2686, 932
2687, 1339
2688, 931
2689, 1334
2690, 838
2691, 1334
2692, 836
2693, 1338
2694, 833
2695, 1331
2696, 839
2697, 1236
2698, 939
2699, 1039
2700, 1139
2701, 937
2702, 1332
2703, 932
2704, 1430
2705, 931
2706, 1434
2707, 931
2708, 1431
2709, 839
2710, 1333
2711, 838
2712, 1335
2713, 837
2714, 1339
2715, 834
2716, 1335
2717, 839
2718, 1237
2719, 938
2720, 1130
2721, 1134
2722, 936
2723, 1332
2724, 933
2725, 1339
2726, 931
2727, 1434
2728, 931
2729, 1337
2730, 930
2731, 1334
2732, 836
2733, 1339
2734, 838
2735, 1337
2736, 833
2737, 1336
2738, 838
2739, 1236
2740, 939
2741, 1134
2742, 1133
2743, 937
2744, 1238
2745, 935
2746, 1332
2747, 935
2748, 1234
2749, 936
2750, 1137
2751, 931
2752, 1232
2753, 838
2754, 1233
2755, 837
2756, 1238
2757, 930
2758, 1235
2759, 832
2760, 1136
2761, 835
2762, 1039
2763, 935
2764, 931
2765, 1231
2766, 734
2767, 1132
2768, 832
2769, 1232
2770, 736
2771, 1233
2772, 638
2773, 1337
2774, 636
2775, 1136
2776, 732
2777, 1138
2778, 737
2779, 1231
2780, 835
2781, 1338
2782, 839
2783, 1132
2784, 1130
2785, 939
2786, 1239
2787, 934
2788, 1332
2789, 1032
2790, 1139
2791, 836
2792, 1338
2793, 930
2794, 1332
2795, 838
2796, 1337
2797, 837
2798, 1337
2799, 833
2800, 1334
2801, 834
2802, 1330
2803, 837
2804, 1131
2805, 1038
2806, 1030
2807, 1239
2808, 933
2809, 1338
2810, 932
2811, 1432
2812, 931
2813, 1432
2814, 838
2815, 1333
2816, 838
2817, 1333
2818, 930
2819, 1336
2820, 835
2821, 1336
2822, 836
2823, 1237
2824, 934
2825, 1131
2826, 1038
2827, 939
2828, 1330
2829, 937
2830, 1233
2831, 933
2832, 1233
2833, 931
2834, 1333
2835, 931
2836, 1334
2837, 930
2838, 1335
2839, 838
2840, 1337
2841, 836
2842, 1339
2843, 837
2844, 1237
2845, 935
2846, 1130
2847, 1030
2848, 1031
2849, 1133
2850, 936
2851, 1233
2852, 836
2853, 1236
2854, 931
2855, 1233
2856, 930
2857, 1332
2858, 930
2859, 1239
2860, 835
2861, 1232
2862, 632
2863, 1039
2864, 735
2865, 1131
2866, 934
2867, 933
2868, 1033
2869, 930
2870, 1134
2871, 731
2872, 1238
2873, 731
2874, 1539
2875, 731
2876, 1239
2877, 1032
2878, 1230
2879, 631
2880, 1139
2881, 739
2882, 1234
2883, 830
2884, 1134
2885, 938
2886, 939
2887, 832
2888, 839
2889, 939
2890, 736
2891, 1137
2892, 832
2893, 1236
2894, 737
2895, 1131
2896, 831
2897, 1136
2898, 834
2899, 1137
2900, 833
2901, 1234
2902, 838
2903, 1132
2904, 737
2905, 1135
2906, 833
2907, 1130
2908, 739
2909, 1031
2910, 935
2911, 731
2912, 1135
2913, 836
2914, 1130
2915, 934
2916, 1234
2917, 934
2918, 1330
2919, 930
2920, 1335
2921, 837
2922, 1333
2923, 838
2924, 1337
2925, 837
2926, 1335
2927, 836
2928, 1237
2929, 932
2930, 1131
2931, 1132
2932, 1030
2933, 1138
2934, 938
2935, 1136
2936, 933
2937, 1332
2938, 935
2939, 1330
2940, 931
2941, 1333
2942, 839
2943, 1334
2944, 836
2945, 1337
2946, 835
2947, 1334
2948, 833
2949, 1331
2950, 930
2951, 1132
2952, 935
2953, 1031
2954, 1135
2955, 935
2956, 1237
2957, 936
2958, 1233
2959, 930
2960, 1232
2961, 932
2962, 1236
2963, 839
2964, 1335
2965, 838
2966, 1338
2967, 835
2968, 1337
2969, 832
2970, 1331
2971, 835
2972, 1132
2973, 1032
2974, 1038
2975, 1130
2976, 935
2977, 1135
2978, 935
2979, 1234
2980, 931
2981, 1330
2982, 933
2983, 1332
2984, 930
2985, 1337
2986, 838
2987, 1430
2988, 836
2989, 1337
2990, 835
2991, 1239
2992, 837
2993, 1133
2994, 1034
2995, 1030
2996, 1235
2997, 937
2998, 1331
2999, 933
3000, 1238
3001, 933
3002, 1330
3003, 934
3004, 1239
3005, 933
3006, 1332
3007, 837
3008, 1334
3009, 838
3010, 1332
3011, 832
3012, 1233
3013, 932
3014, 1130
3015, 839
3016, 933
3017, 1039
3018, 934
3019, 1132
3020, 932
3021, 1230
3022, 937
3023, 1137
3024, 930
3025, 1333
3026, 839
3027, 1338
3028, 838
3029, 1430
3030, 833
3031, 1337
3032, 837
3033, 1236
3034, 838
3035, 1032
3036, 1030
3037, 1031
3038, 1138
3039, 736
3040, 1131
3041, 832
3042, 1230
3043, 738
3044, 1234
3045, 833
3046, 1239
3047, 731
3048, 1135
3049, 832
3050, 1138
3051, 830
3052, 1136
3053, 838
3054, 1133
3055, 737
3056, 932
3057, 1033
3058, 838
3059, 1136
3060, 739
3061, 1331
3062, 636
3063, 1135
3064, 732
3065, 1238
3066, 731
3067, 1235
3068, 736
3069, 1239
3070, 739
3071, 1130
3072, 731
3073, 1230
3074, 835
3075, 1134
3076, 839
3077, 1038
3078, 1032
3079, 935
3080, 1035
3081, 932
3082, 1130
3083, 933
3084, 1137
3085, 932
3086, 1230
3087, 734
3088, 1134
3089, 839
3090, 1136
3091, 835
3092, 1230
3093, 838
3094, 1338
3095, 832
3096, 1238
3097, 833
3098, 1135
3099, 1030
3100, 1033
3101, 1230
3102, 938
3103, 1139
3104, 931
3105, 1234
3106, 932
3107, 1239
3108, 931
3109, 1335
3110, 930
3111, 1336
3112, 839
3113, 1338
3114, 836
3115, 1432
3116, 832
3117, 1332
3118, 936
3119, 1131
3120, 835
3121, 830
3122, 1231
3123, 730
3124, 1338
3125, 832
3126, 1436
3127, 635
3128, 1330
3129, 636
3130, 1336
3131, 734
3132, 1232
3133, 936
3134, 1233
3135, 635
3136, 1136
3137, 837
3138, 1133
3139, 934
3140, 1031
3141, 1130
3142, 738
3143, 1135
3144, 637
3145, 1335
3146, 635
3147, 1432
3148, 639
3149, 1436
3150, 830
3151, 1231
3152, 633
3153, 1239
3154, 732
3155, 1237
3156, 739
3157, 1332
3158, 832
3159, 1032
3160, 832
3161, 1033
3162, 1038
3163, 833
3164, 1234
3165, 1033
3166, 1337
3167, 639
3168, 1331
3169, 638
3170, 1336
3171, 638
3172, 1338
3173, 1030
3174, 1332
3175, 635
3176, 1230
3177, 830
3178, 1238
3179, 836
3180, 1134
3181, 1134
3182, 1035
3183, 931
3184, 832
3185, 1333
3186, 731
3187, 1338
3188, 730
3189, 1535
3190, 739
3191, 1235
3192, 630
3193, 1338
3194, 736
3195, 1332
3196, 831
3197, 1238
3198, 830
3199, 1131
3200, 732
3201, 1230
3202, 930
3203, 1032
3204, 1034
3205, 839
3206, 1239
3207, 731
3208, 1236
3209, 731
3210, 1335
3211, 636
3212, 1431
3213, 933
3214, 1339
3215, 539
3216, 1235
3217, 730
3218, 1236
3219, 831
3220, 1234
3221, 1035
3222, 1135
3223, 735
3224, 937
3225, 933
3226, 837
3227, 1237
3228, 633
3229, 1539
3230, 730
3231, 1239
3232, 631
3233, 1337
3234, 730
3235, 1337
3236, 635
3237, 1436
3238, 634
3239, 1136
3240, 730
3241, 1330
3242, 933
3243, 1137
3244, 831
3245, 1337
3246, 930
3247, 833
3248, 1136
3249, 733
3250, 1335
3251, 638
3252, 1330
3253, 836
3254, 1235
3255, 539
3256, 1237
3257, 639
3258, 1335
3259, 739
3260, 1136
3261, 837
3262, 1133
3263, 730
3264, 1131
3265, 737
3266, 1038
3267, 1038
3268, 738
3269, 1235
3270, 736
3271, 1230
3272, 632
3273, 1334
3274, 637
3275, 1433
3276, 632
3277, 1730
3278, 635
3279, 1230
3280, 637
3281, 1234
3282, 737
3283, 1236
3284, 733
3285, 1332
3286, 738
3287, 939
3288, 936
3289, 839
3290, 1234
3291, 734
3292, 1338
3293, 830
3294, 1236
3295, 637
3296, 1333
3297, 638
3298, 1238
3299, 734
3300, 1334
3301, 936
3302, 1330
3303, 635
3304, 1138
3305, 739
3306, 1234
3307, 933
3308, 938
3309, 1031
3310, 936
3311, 1038
3312, 637
3313, 1334
3314, 639
3315, 1339
3316, 630
3317, 1630
3318, 731
3319, 1236
3320, 632
3321, 1332
3322, 738
3323, 1139
3324, 836
3325, 1237
3326, 739
3327, 1131
3328, 831
3329, 1135
3330, 931
3331, 1035
3332, 1032
3333, 935
3334, 1039
3335, 835
3336, 1037
3337, 930
3338, 1135
3339, 839
3340, 1235
3341, 934
3342, 1238
3343, 839
3344, 1336
3345, 836
3346, 1239
3347, 834
3348, 1135
3349, 935
3350, 1131
3351, 837
3352, 836
3353, 1234
3354, 733
3355, 1334
3356, 639
3357, 1635
3358, 832
3359, 1236
3360, 631
3361, 1435
3362, 639
3363, 1335
3364, 735
3365, 1333
3366, 739
3367, 1131
3368, 639
3369, 1238
3370, 833
3371, 1330
3372, 839
3373, 1135
3374, 1035
3375, 933
3376, 1037
3377, 935
3378, 1132
3379, 839
3380, 1135
3381, 833
3382, 1233
3383, 739
3384, 1134
3385, 834
3386, 1136
3387, 833
3388, 1139
3389, 834
3390, 1136
3391, 738
3392, 1034
3393, 937
3394, 934
3395, 1132
3396, 739
3397, 1336
3398, 731
3399, 1138
3400, 631
3401, 1438
3402, 639
3403, 1435
3404, 733
3405, 1334
3406, 739
3407, 1135
3408, 637
3409, 1331
3410, 836
3411, 1231
3412, 836
3413, 1139
3414, 939
3415, 835
3416, 1130
3417, 733
3418, 1333
3419, 636
3420, 1430
3421, 1034
3422, 1430
3423, 636
3424, 1330
3425, 734
3426, 1330
3427, 737
3428, 1234
3429, 1038
3430, 938
3431, 639
3432, 1132
3433, 930
3434, 1035
3435, 1037
3436, 839
3437, 1431
3438, 839
3439, 1137
3440, 633
3441, 1334
3442, 932
3443, 1137
3444, 932
3445, 1238
3446, 930
3447, 1132
3448, 834
3449, 1138
3450, 739
3451, 1137
3452, 832
3453, 1234
3454, 930
3455, 1037
3456, 837
3457, 1030
3458, 1032
3459, 739
3460, 1136
3461, 733
3462, 1231
3463, 633
3464, 1235
3465, 632
3466, 1430
3467, 732
3468, 1236
3469, 936
3470, 1134
3471, 636
3472, 1137
3473, 730
3474, 1138
3475, 931
3476, 1036
3477, 1135
3478, 833
3479, 1036
3480, 638
3481, 1332
3482, 636
3483, 1433
3484, 634
3485, 1630
3486, 831
3487, 1232
3488, 633
3489, 1336
3490, 831
3491, 1238
3492, 733
3493, 1333
3494, 830
3495, 1038
3496, 830
3497, 1037
3498, 935
3499, 838
3500, 1132
3501, 838
3502, 1336
3503, 731
3504, 1239
3505, 732
3506, 1436
3507, 639
3508, 1434
3509, 733
3510, 1233
3511, 634
3512, 1230
3513, 830
3514, 1234
3515, 833
3516, 1231
3517, 1037
3518, 1131
3519, 839
3520, 835
3521, 1332
3522, 732
3523, 1337
3524, 639
3525, 1435
3526, 832
3527, 1236
3528, 632
3529, 1333
3530, 734
3531, 1337
3532, 830
3533, 1435
3534, 830
3535, 1132
3536, 732
3537, 1234
3538, 931
3539, 1033
3540, 1036
3541, 1035
3542, 1235
3543, 734
3544, 1237
3545, 638
3546, 1339
3547, 731
3548, 1338
3549, 936
3550, 1335
3551, 631
3552, 1234
3553, 737
3554, 1234
3555, 833
3556, 1237
3557, 1134
3558, 1234
3559, 734
3560, 937
3561, 1037
3562, 932
3563, 1334
3564, 732
3565, 1537
3566, 939
3567, 1237
3568, 631
3569, 1435
3570, 733
3571, 1338
3572, 733
3573, 1332
3574, 739
3575, 1134
3576, 638
3577, 1330
3578, 834
3579, 1138
3580, 933
3581, 1037
3582, 830
3583, 831
3584, 1137
3585, 733
3586, 1334
3587, 731
3588, 1431
3589, 936
3590, 1533
3591, 634
3592, 1238
3593, 734
3594, 1239
3595, 832
3596, 1239
3597, 1030
3598, 1430
3599, 639
3600, 1036
3601, 936
3602, 1030
3603, 1133
3604, 833
3605, 1639
3606, 1032
3607, 1230
3608, 633
3609, 1439
3610, 638
3611, 1432
3612, 638
3613, 1337
3614, 730
3615, 1137
3616, 730
3617, 1333
3618, 834
3619, 1236
3620, 839
3621, 1438
3622, 1138
3623, 837
3624, 1032
3625, 831
3626, 1238
3627, 734
3628, 1339
3629, 734
3630, 1438
3631, 637
3632, 1330
3633, 731
3634, 1334
3635, 737
3636, 1239
3637, 934
3638, 1432
3639, 634
3640, 1134
3641, 838
3642, 1038
3643, 1031
3644, 932
3645, 1236
3646, 1133
3647, 1135
3648, 638
3649, 1432
3650, 636
3651, 1436
3652, 636
3653, 1637
3654, 938
3655, 1136
3656, 634
3657, 1332
3658, 735
3659, 1330
3660, 739
3661, 1333
3662, 837
3663, 1030
3664, 933
3665, 936
3666, 1132
3667, 733
3668, 1337
3669, 939
3670, 1331
3671, 635
3672, 1332
3673, 636
3674, 1338
3675, 733
3676, 1336
3677, 1037
3678, 1236
3679, 636
3680, 1138
3681, 734
3682, 1134
3683, 934
3684, 1034
3685, 1335
3686, 934
3687, 1039
3688, 637
3689, 1339
3690, 638
3691, 1433
3692, 639
3693, 1437
3694, 636
3695, 1234
3696, 634
3697, 1334
3698, 734
3699, 1236
3700, 736
3701, 1236
3702, 731
3703, 1035
3704, 831
3705, 938
3706, 1035
3707, 830
3708, 1139
3709, 838
3710, 1139
3711, 637
3712, 1332
3713, 639
3714, 1432
3715, 639
3716, 1235
3717, 739
3718, 1136
3719, 636
3720, 1230
3721, 731
3722, 1233
3723, 838
3724, 1034
3725, 1039
3726, 837
3727, 938
3728, 732
3729, 1332
3730, 831
3731, 1433
3732, 631
3733, 1831
3734, 639
3735, 1237
3736, 633
3737, 1430
3738, 636
3739, 1330
3740, 732
3741, 1630
3742, 636
3743, 1430
3744, 833
3745, 1236
3746, 835
3747, 1132
3748, 938
3749, 834
3750, 1130
3751, 832
3752, 1130
3753, 930
3754, 1134
3755, 833
3756, 1137
3757, 834
3758, 1335
3759, 633
3760, 1139
3761, 736
3762, 1236
3763, 835
3764, 1038
3765, 939
3766, 1030
3767, 930
3768, 831
3769, 1232
3770, 733
3771, 1335
3772, 630
3773, 1639
3774, 637
3775, 1237
3776, 631
3777, 1330
3778, 734
3779, 1332
3780, 730
3781, 1432
3782, 636
3783, 1134
3784, 735
3785, 1132
3786, 935
3787, 1031
3788, 1030
3789, 1235
3790, 1135
3791, 733
3792, 1338
3793, 639
3794, 1336
3795, 637
3796, 1539
3797, 934
3798, 1136
3799, 633
3800, 1236
3801, 639
3802, 1234
3803, 832
3804, 1132
3805, 1033
3806, 939
3807, 836
3808, 837
3809, 1132
3810, 733
3811, 1336
3812, 632
3813, 1437
3814, 730
3815, 1333
3816, 633
3817, 1431
3818, 638
3819, 1336
3820, 938
3821, 1435
3822, 635
3823, 1138
3824, 735
3825, 1132
3826, 836
3827, 1038
3828, 1330
3829, 937
3830, 1039
3831, 734
3832, 1334
3833, 730
3834, 1337
3835, 635
3836, 1237
3837, 930
3838, 1234
3839, 632
3840, 1332
3841, 738
3842, 1333
3843, 830
3844, 1530
3845, 630
3846, 1039
3847, 832
3848, 1034
3849, 1039
3850, 833
3851, 1330
3852, 835
3853, 1434
3854, 731
3855, 1331
3856, 730
3857, 1335
3858, 639
3859, 1335
3860, 1032
3861, 1136
3862, 634
3863, 1138
3864, 831
3865, 1237
3866, 839
3867, 1134
3868, 1238
3869, 834
3870, 1031
3871, 735
3872, 1336
3873, 733
3874, 1436
3875, 731
3876, 1736
3877, 831
3878, 1235
3879, 634
3880, 1431
3881, 639
3882, 1330
3883, 831
3884, 1538
3885, 732
3886, 1037
3887, 739
3888, 1131
3889, 1033
3890, 838
3891, 1233
3892, 839
3893, 1334
3894, 731
3895, 1330
3896, 635
3897, 1334
3898, 637
3899, 1336
3900, 836
3901, 1336
3902, 635
3903, 1231
3904, 737
3905, 1232
3906, 835
3907, 1035
3908, 838
3909, 1035
3910, 934
3911, 737
3912, 1332
3913, 731
3914, 1339
3915, 631
3916, 1339
3917, 733
3918, 1134
3919, 733
3920, 1235
3921, 637
3922, 1238
3923, 736
3924, 1332
3925, 635
3926, 1133
3927, 734
3928, 1039
3929, 934
3930, 934
3931, 1033
3932, 1032
3933, 1235
3934, 730
3935, 1330
3936, 731
3937, 1336
3938, 639
3939, 1330
3940, 831
3941, 1136
3942, 636
3943, 1138
3944, 738
3945, 1233
3946, 831
3947, 1039
3948, 932
3949, 935
3950, 934
3951, 739
3952, 1232
3953, 730
3954, 1336
3955, 631
3956, 1636
3957, 639
3958, 1332
3959, 631
3960, 1335
3961, 636
3962, 1334
3963, 731
3964, 1332
3965, 634
3966, 1135
3967, 737
3968, 1134
3969, 937
3970, 1030
3971, 935
3972, 839
3973, 1135
3974, 732
3975, 1238
3976, 638
3977, 1338
3978, 636
3979, 1238
3980, 937
3981, 1138
3982, 637
3983, 1135
3984, 635
3985, 1231
3986, 831
3987, 1133
3988, 837
3989, 939
3990, 835
3991, 836
3992, 1137
3993, 832
3994, 1336
3995, 632
3996, 1436
3997, 638
3998, 1236
3999, 632
4000, 1435
4001, 731
4002, 1334
4003, 638
4004, 1239
4005, 635
4006, 1137
4007, 732
4008, 1137
4009, 838
4010, 1035
4011, 938
4012, 932
4013, 1132
4014, 732
4015, 1235
4016, 730
4017, 1432
4018, 637
4019, 1238
4020, 737
4021, 1232
4022, 632
4023, 1234
4024, 732
4025, 1236
4026, 830
4027, 1135
4028, 935
4029, 1030
4030, 830
4031, 932
4032, 1036
4033, 832
4034, 1331
4035, 631
4036, 1437
4037, 639
4038, 1331
4039, 637
4040, 1236
4041, 730
4042, 1335
4043, 833
4044, 1238
4045, 637
4046, 1233
4047, 831
4048, 1230
4049, 834
4050, 1133
4051, 1332
4052, 939
4053, 1033
4054, 735
4055, 1435
4056, 638
4057, 1530
4058, 634
4059, 1531
4060, 1131
4061, 1334
4062, 539
4063, 1437
4064, 738
4065, 1338
4066, 736
4067, 1438
4068, 1034
4069, 935
4070, 834
4071, 1036
4072, 1037
4073, 932
4074, 1135
4075, 1131
4076, 1136
4077, 730
4078, 1037
4079, 834
4080, 1234
4081, 833
4082, 1136
4083, 838
4084, 1136
4085, 731
4086, 1032
4087, 830
4088, 1037
4089, 932
4090, 1034
4091, 1239
4092, 937
4093, 837
4094, 833
4095, 1136
4096, 831
4097, 1437
4098, 1133
4099, 2338
4100, 1432
4101, 1432
4102, 836
4103, 1636
4104, 1034
4105, 1233
4106, 936
4107, 1335
4108, 1737
4109, 2237
4110, 1930
4111, 1730
4112, 2330
4113, 1637
4114, 1036
4115, 939
4116, 1430
4117, 731
4118, 1134
4119, 930
4120, 1136
4121, 839
4122, 1134
4123, 930
4124, 1134
4125, 930
4126, 937
4127, 932
4128, 1138
4129, 839
4130, 1036
4131, 934
4132, 1032
4133, 939
4134, 936
4135, 1035
4136, 931
4137, 1132
4138, 839
4139, 1135
4140, 839
4141, 1135
4142, 839
4143, 1134
4144, 930
4145, 1132
4146, 839
4147, 1130
4148, 839
4149, 1037
4150, 834
4151, 1330
4152, 931
4153, 1136
4154, 1032
4155, 1034
4156, 1236
4157, 936
4158, 1331
4159, 935
4160, 1431
4161, 932
4162, 1439
4163, 933
4164, 1338
4165, 838
4166, 1433
4167, 837
4168, 1437
4169, 834
4170, 1433
4171, 837
4172, 1334
4173, 937
4174, 1134
4175, 1135
4176, 1032
4177, 1338
4178, 935
4179, 1439
4180, 932
4181, 1531
4182, 931
4183, 1532
4184, 930
4185, 1435
4186, 839
4187, 1436
4188, 838
4189, 1438
4190, 832
4191, 1433
4192, 839
4193, 1239
4194, 1031
4195, 1132
4196, 1139
4197, 936
4198, 1338
4199, 933
4200, 1435
4201, 930
4202, 1435
4203, 839
4204, 1339
4205, 839
4206, 1334
4207, 838
4208, 1337
4209, 838
4210, 1336
4211, 834
4212, 1238
4213, 930
4214, 1231
4215, 1130
4216, 1036
4217, 1239
4218, 935
4219, 1431
4220, 934
4221, 1439
4222, 932
4223, 1436
4224, 838
4225, 1339
4226, 930
4227, 1339
4228, 839
4229, 1338
4230, 836
4231, 1334
4232, 833
4233, 1236
4234, 934
4235, 1131
4236, 1035
4237, 939
4238, 1238
4239, 935
4240, 1433
4241, 931
4242, 1439
4243, 933
4244, 1339
4245, 930
4246, 1333
4247, 838
4248, 1334
4249, 838
4250, 1337
4251, 836
4252, 1331
4253, 837
4254, 1235
4255, 938
4256, 1131
4257, 1135
4258, 938
4259, 1330
4260, 931
4261, 1430
4262, 931
4263, 1432
4264, 931
4265, 1431
4266, 930
4267, 1332
4268, 837
4269, 1334
4270, 835
4271, 1336
4272, 832
4273, 1239
4274, 934
4275, 1230
4276, 1032
4277, 1035
4278, 1232
4279, 935
4280, 1334
4281, 932
4282, 1433
4283, 932
4284, 1430
4285, 932
4286, 1336
4287, 839
4288, 1332
4289, 838
4290, 1334
4291, 837
4292, 1333
4293, 834
4294, 1238
4295, 933
4296, 1133
4297, 1038
4298, 1032
4299, 1331
4300, 936
4301, 1338
4302, 934
4303, 1432
4304, 930
4305, 1433
4306, 930
4307, 1335
4308, 839
4309, 1332
4310, 836
4311, 1336
4312, 835
4313, 1333
4314, 930
4315, 1232
4316, 933
4317, 1039
4318, 1134
4319, 938
4320, 1332
4321, 933
4322, 1431
4323, 934
4324, 1431
4325, 933
4326, 1431
4327, 930
4328, 1336
4329, 838
4330, 1338
4331, 930
4332, 1335
4333, 835
4334, 1331
4335, 930
4336, 1235
4337, 1030
4338, 1130
4339, 1137
4340, 934
4341, 1334
4342, 932
4343, 1338
4344, 932
4345, 1338
4346, 932
4347, 1430
4348, 930
4349, 1334
4350, 838
4351, 1335
4352, 836
4353, 1334
4354, 833
4355, 1239
4356, 930
4357, 1137
4358, 1035
4359, 1033
4360, 1234
4361, 935
4362, 1337
4363, 932
4364, 1433
4365, 932
4366, 1431
4367, 931
4368, 1336
4369, 839
4370, 1337
4371, 930
4372, 1336
4373, 833
4374, 1335
4375, 837
4376, 1238
4377, 931
4378, 1135
4379, 1130
4380, 1032
4381, 1331
4382, 936
4383, 1338
4384, 932
4385, 1432
4386, 934
4387, 1433
4388, 932
4389, 1333
4390, 839
4391, 1335
4392, 835
4393, 1335
4394, 834
4395, 1333
4396, 839
4397, 1235
4398, 938
4399, 1039
4400, 1136
4401, 936
4402, 1334
4403, 936
4404, 1430
4405, 932
4406, 1430
4407, 931
4408, 1338
4409, 839
4410, 1336
4411, 837
4412, 1335
4413, 837
4414, 1338
4415, 835
4416, 1239
4417, 838
4418, 1235
4419, 1033
4420, 1037
4421, 1233
4422, 936
4423, 1333
4424, 932
4425, 1431
4426, 935
4427, 1338
4428, 931
4429, 1338
4430, 839
4431, 1334
4432, 838
4433, 1333
4434, 836
4435, 1335
4436, 834
4437, 1239
4438, 930
4439, 1137
4440, 1035
4441, 1034
4442, 1237
4443, 935
4444, 1337
4445, 933
4446, 1433
4447, 930
4448, 1431
4449, 932
4450, 1334
4451, 838
4452, 1332
4453, 837
4454, 1337
4455, 836
4456, 1335
4457, 835
4458, 1239
4459, 930
4460, 1133
4461, 1039
4462, 1032
4463, 1330
4464, 936
4465, 1339
4466, 937
4467, 1433
4468, 931
4469, 1432
4470, 930
4471, 1332
4472, 838
4473, 1336
4474, 837
4475, 1335
4476, 834
4477, 1335
4478, 836
4479, 1237
4480, 935
4481, 1133
4482, 1039
4483, 1030
4484, 1239
4485, 935
4486, 1430
4487, 931
4488, 1432
4489, 930
4490, 1434
4491, 931
4492, 1334
4493, 838
4494, 1334
4495, 837
4496, 1335
4497, 833
4498, 1334
4499, 839
4500, 1236
4501, 936
4502, 1130
4503, 1136
4504, 936
4505, 1334
4506, 935
4507, 1336
4508, 931
4509, 1432
4510, 931
4511, 1339
4512, 932
4513, 1335
4514, 839
4515, 1334
4516, 837
4517, 1336
4518, 834
4519, 1333
4520, 931
4521, 1235
4522, 939
4523, 1038
4524, 1137
4525, 936
4526, 1333
4527, 932
4528, 1431
4529, 933
4530, 1432
4531, 930
4532, 1431
4533, 930
4534, 1331
4535, 838
4536, 1335
4537, 838
4538, 1335
4539, 832
4540, 1333
4541, 839
4542, 1233
4543, 1034
4544, 1037
4545, 1234
4546, 936
4547, 1338
4548, 931
4549, 1437
4550, 933
4551, 1432
4552, 933
4553, 1435
4554, 932
4555, 1334
4556, 838
4557, 1430
4558, 837
4559, 1337
4560, 835
4561, 1332
4562, 931
4563, 1231
4564, 1036
4565, 1037
4566, 1233
4567, 935
4568, 1338
4569, 933
4570, 1434
4571, 932
4572, 1437
4573, 932
4574, 1430
4575, 839
4576, 1336
4577, 839
4578, 1339
4579, 838
4580, 1338
4581, 833
4582, 1330
4583, 839
4584, 1139
4585, 1035
4586, 1033
4587, 1235
4588, 935
4589, 1337
4590, 934
4591, 1436
4592, 932
4593, 1434
4594, 931
4595, 1336
4596, 838
4597, 1335
4598, 837
4599, 1336
4600, 836
4601, 1339
4602, 834
4603, 1239
4604, 839
4605, 1138
4606, 1035
4607, 1035
4608, 1238
4609, 935
4610, 1334
4611, 933
4612, 1437
4613, 931
4614, 1432
4615, 931
4616, 1338
4617, 839
4618, 1337
4619, 836
4620, 1337
4621, 836
4622, 1337
4623, 837
4624, 1238
4625, 935
4626, 1137
4627, 1036
4628, 1033
4629, 1239
4630, 936
4631, 1335
4632, 931
4633, 1437
4634, 930
4635, 1432
4636, 931
4637, 1431
4638, 930
4639, 1338
4640, 839
4641, 1337
4642, 835
4643, 1336
4644, 834
4645, 1330
4646, 931
4647, 1135
4648, 1039
4649, 1033
4650, 1238
4651, 935
4652, 1338
4653, 933
4654, 1435
4655, 932
4656, 1430
4657, 933
4658, 1336
4659, 838
4660, 1333
4661, 837
4662, 1430
4663, 835
4664, 1335
4665, 834
4666, 1239
4667, 932
4668, 1135
4669, 1036
4670, 1033
4671, 1331
4672, 935
4673, 1336
4674, 933
4675, 1433
4676, 931
4677, 1432
4678, 930
4679, 1337
4680, 930
4681, 1336
4682, 838
4683, 1337
4684, 836
4685, 1338
4686, 834
4687, 1239
4688, 932
4689, 1137
4690, 1037
4691, 1035
4692, 1239
4693, 935
4694, 1333
4695, 933
4696, 1435
4697, 931
4698, 1432
4699, 930
4700, 1337
4701, 930
4702, 1332
4703, 837
4704, 1337
4705, 837
4706, 1338
4707, 835
4708, 1330
4709, 839
4710, 1136
4711, 1038
4712, 1035
4713, 1239
4714, 935
4715, 1338
4716, 932
4717, 1432
4718, 931
4719, 1435
4720, 930
4721, 1433
4722, 838
4723, 1332
4724, 838
4725, 1336
4726, 838
4727, 1338
4728, 834
4729, 1331
4730, 932
4731, 1230
4732, 1036
4733, 1038
4734, 1232
4735, 935
4736, 1337
4737, 933
4738, 1433
4739, 933
4740, 1432
4741, 931
4742, 1431
4743, 931
4744, 1332
4745, 839
4746, 1336
4747, 837
4748, 1338
4749, 835
4750, 1332
4751, 930
4752, 1230
4753, 1032
4754, 1036
4755, 1139
4756, 935
4757, 1333
4758, 935
4759, 1433
4760, 930
4761, 1432
4762, 931
4763, 1338
4764, 930
4765, 1333
4766, 836
4767, 1335
4768, 838
4769, 1430
4770, 834
4771, 1332
4772, 930
4773, 1236
4774, 1033
4775, 1039
4776, 1139
4777, 934
4778, 1333
4779, 934
4780, 1430
4781, 932
4782, 1431
4783, 931
4784, 1430
4785, 931
4786, 1334
4787, 839
4788, 1336
4789, 835
4790, 1338
4791, 835
4792, 1338
4793, 934
4794, 1236
4795, 938
4796, 1130
4797, 1137
4798, 936
4799, 1334
4800, 934
4801, 1432
4802, 930
4803, 1436
4804, 839
4805, 1434
4806, 839
4807, 1334
4808, 931
4809, 1337
4810, 838
4811, 1337
4812, 834
4813, 1334
4814, 839
4815, 1236
4816, 1030
4817, 1131
4818, 1134
4819, 935
4820, 1336
4821, 935
4822, 1431
4823, 931
4824, 1433
4825, 931
4826, 1431
4827, 932
4828, 1336
4829, 839
4830, 1335
4831, 837
4832, 1337
4833, 836
4834, 1338
4835, 839
4836, 1236
4837, 937
4838, 1130
4839, 1134
4840, 936
4841, 1333
4842, 932
4843, 1338
4844, 933
4845, 1436
4846, 931
4847, 1433
4848, 932
4849, 1334
4850, 930
4851, 1335
4852, 836
4853, 1338
4854, 834
4855, 1334
4856, 838
4857, 1237
4858, 936
4859, 1132
4860, 1132
4861, 939
4862, 1334
4863, 936
4864, 1435
4865, 930
4866, 1435
4867, 931
4868, 1431
4869, 931
4870, 1334
4871, 839
4872, 1335
4873, 838
4874, 1430
4875, 834
4876, 1335
4877, 837
4878, 1236
4879, 937
4880, 1130
4881, 1132
4882, 939
4883, 1332
4884, 935
4885, 1431
4886, 933
4887, 1434
4888, 931
4889, 1430
4890, 931
4891, 1333
4892, 839
4893, 1336
4894, 837
4895, 1339
4896, 836
4897, 1333
4898, 837
4899, 1237
4900, 933
4901, 1132
4902, 1131
4903, 939
4904, 1332
4905, 936
4906, 1338
4907, 934
4908, 1431
4909, 932
4910, 1435
4911, 838
4912, 1335
4913, 930
4914, 1335
4915, 838
4916, 1338
4917, 835
4918, 1336
4919, 835
4920, 1239
4921, 935
4922, 1131
4923, 1130
4924, 939
4925, 1333
4926, 936
4927, 1433
4928, 933
4929, 1434
4930, 930
4931, 1435
4932, 931
4933, 1337
4934, 930
4935, 1334
4936, 839
4937, 1335
4938, 833
4939, 1336
4940, 836
4941, 1237
4942, 933
4943, 1137
4944, 1039
4945, 1031
4946, 1330
4947, 935
4948, 1337
4949, 932
4950, 1435
4951, 934
4952, 1432
4953, 932
4954, 1335
4955, 839
4956, 1334
4957, 837
4958, 1337
4959, 836
4960, 1336
4961, 833
4962, 1236
4963, 931
4964, 1135
4965, 1130
4966, 1032
4967, 1237
4968, 934
4969, 1336
4970, 933
4971, 1436
4972, 932
4973, 1432
4974, 839
4975, 1336
4976, 839
4977, 1334
4978, 837
4979, 1338
4980, 835
4981, 1336
4982, 835
4983, 1237
4984, 933
4985, 1137
4986, 1038
4987, 1035
4988, 1237
4989, 934
4990, 1333
4991, 933
4992, 1435
4993, 932
4994, 1433
4995, 933
4996, 1337
4997, 930
4998, 1334
4999, 837
5000, 1339
5001, 835
5002, 1337
5003, 834
5004, 1238
5005, 933
5006, 1138
5007, 1037
5008, 1032
5009, 1236
5010, 934
5011, 1333
5012, 934
5013, 1437
5014, 931
5015, 1334
5016, 739
5017, 1136
5018, 632
5019, 1335
5020, 830
5021, 1236
5022, 730
5023, 1233
5024, 738
5025, 1036
5026, 832
5027, 1034
5028, 1030
5029, 831
5030, 1136
5031, 936
5032, 1230
5033, 730
5034, 1138
5035, 933
5036, 1432
5037, 931
5038, 1230
5039, 733
5040, 1137
5041, 635
5042, 1138
5043, 736
5044, 1236
5045, 836
5046, 1133
5047, 1039
5048, 935
5049, 938
5050, 839
5051, 1234
5052, 731
5053, 1337
5054, 839
5055, 1537
5056, 731
5057, 1334
5058, 632
5059, 1338
5060, 638
5061, 1332
5062, 733
5063, 1537
5064, 637
5065, 1138
5066, 733
5067, 1139
5068, 931
5069, 1036
5070, 933
5071, 1336
5072, 1131
5073, 736
5074, 1339
5075, 733
5076, 1430
5077, 636
5078, 1734
5079, 837
5080, 1236
5081, 635
5082, 1431
5083, 732
5084, 1332
5085, 737
5086, 1432
5087, 937
5088, 1037
5089, 831
5090, 1131
5091, 1136
5092, 931
5093, 1237
5094, 638
5095, 1237
5096, 733
5097, 1334
5098, 734
5099, 1338
5100, 638
5101, 1431
5102, 835
5103, 1035
5104, 636
5105, 1233
5106, 832
5107, 1330
5108, 837
5109, 1230
5110, 839
5111, 1232
5112, 930
5113, 837
5114, 1332
5115, 736
5116, 1432
5117, 732
5118, 1438
5119, 832
5120, 1237
5121, 631
5122, 1437
5123, 731
5124, 1337
5125, 739
5126, 1434
5127, 830
5128, 1133
5129, 731
5130, 1237
5131, 934
5132, 1038
5133, 935
5134, 1132
5135, 1039
5136, 736
5137, 1236
5138, 732
5139, 1437
5140, 639
5141, 1333
5142, 834
5143, 1236
5144, 632
5145, 1237
5146, 730
5147, 1235
5148, 833
5149, 1139
5150, 836
5151, 1039
5152, 738
5153, 1034
5154, 1033
5155, 838
5156, 1233
5157, 635
5158, 1535
5159, 731
5160, 1235
5161, 633
5162, 1437
5163, 639
5164, 1434
5165, 634
5166, 1338
5167, 635
5168, 1231
5169, 639
5170, 1330
5171, 738
5172, 1233
5173, 831
5174, 1235
5175, 837
5176, 932
5177, 1138
5178, 734
5179, 1339
5180, 732
5181, 1539
5182, 739
5183, 1239
5184, 633
5185, 1433
5186, 634
5187, 1330
5188, 830
5189, 1332
5190, 835
5191, 1133
5192, 730
5193, 1237
5194, 837
5195, 1039
5196, 1031
5197, 930
5198, 1433
5199, 735
5200, 1234
5201, 637
5202, 1239
5203, 634
5204, 1437
5205, 632
5206, 1635
5207, 637
5208, 1236
5209, 636
5210, 1236
5211, 736
5212, 1239
5213, 730
5214, 1531
5215, 733
5216, 1037
5217, 932
5218, 932
5219, 1134
5220, 733
5221, 1236
5222, 838
5223, 1235
5224, 638
5225, 1430
5226, 730
5227, 1530
5228, 731
5229, 1531
5230, 935
5231, 1134
5232, 638
5233, 1230
5234, 732
5235, 1234
5236, 838
5237, 1032
5238, 1132
5239, 839
5240, 1036
5241, 731
5242, 1334
5243, 637
5244, 1431
5245, 633
5246, 1538
5247, 731
5248, 1333
5249, 637
5250, 1339
5251, 639
5252, 1331
5253, 738
5254, 1336
5255, 637
5256, 1136
5257, 836
5258, 1132
5259, 932
5260, 934
5261, 1432
5262, 1138
5263, 1135
5264, 730
5265, 1434
5266, 730
5267, 1535
5268, 730
5269, 1536
5270, 835
5271, 1233
5272, 634
5273, 1336
5274, 733
5275, 1331
5276, 830
5277, 1630
5278, 539
5279, 1038
5280, 833
5281, 936
5282, 1132
5283, 832
5284, 1339
5285, 737
5286, 1533
5287, 734
5288, 1335
5289, 730
5290, 1432
5291, 731
5292, 1335
5293, 1139
5294, 1135
5295, 635
5296, 1139
5297, 830
5298, 1236
5299, 839
5300, 1135
5301, 937
5302, 1233
5303, 935
5304, 832
5305, 1430
5306, 732
5307, 1430
5308, 639
5309, 1637
5310, 933
5311, 1237
5312, 632
5313, 1436
5314, 730
5315, 1338
5316, 832
5317, 1139
5318, 936
5319, 1133
5320, 733
5321, 1230
5322, 939
5323, 1031
5324, 1132
5325, 1038
5326, 1333
5327, 735
5328, 1333
5329, 734
5330, 1336
5331, 730
5332, 1432
5333, 734
5334, 1431
5335, 631
5336, 1235
5337, 734
5338, 1238
5339, 835
5340, 1236
5341, 1035
5342, 1137
5343, 830
5344, 936
5345, 1130
5346, 835
5347, 1335
5348, 636
5349, 1632
5350, 837
5351, 1238
5352, 633
5353, 1438
5354, 731
5355, 1431
5356, 733
5357, 1530
5358, 737
5359, 1135
5360, 637
5361, 1331
5362, 838
5363, 1136
5364, 934
5365, 1234
5366, 1039
5367, 835
5368, 1232
5369, 738
5370, 1239
5371, 733
5372, 1436
5373, 938
5374, 1236
5375, 634
5376, 1331
5377, 735
5378, 1339
5379, 831
5380, 1334
5381, 1036
5382, 1330
5383, 639
5384, 1130
5385, 938
5386, 936
5387, 1133
5388, 930
5389, 1633
5390, 836
5391, 1235
5392, 636
5393, 1437
5394, 638
5395, 1435
5396, 639
5397, 1834
5398, 632
5399, 1235
5400, 638
5401, 1336
5402, 739
5403, 1331
5404, 833
5405, 1635
5406, 1134
5407, 938
5408, 937
5409, 930
5410, 1237
5411, 733
5412, 1338
5413, 834
5414, 1536
5415, 639
5416, 1331
5417, 638
5418, 1432
5419, 736
5420, 1336
5421, 931
5422, 1334
5423, 635
5424, 1139
5425, 839
5426, 1132
5427, 938
5428, 1034
5429, 1130
5430, 936
5431, 1130
5432, 733
5433, 1434
5434, 730
5435, 1435
5436, 636
5437, 1539
5438, 939
5439, 1233
5440, 635
5441, 1432
5442, 833
5443, 1333
5444, 832
5445, 1434
5446, 736
5447, 1037
5448, 832
5449, 1036
5450, 1036
5451, 836
5452, 1236
5453, 1039
5454, 1338
5455, 733
5456, 1331
5457, 734
5458, 1432
5459, 730
5460, 1331
5461, 834
5462, 1235
5463, 634
5464, 1237
5465, 831
5466, 1238
5467, 838
5468, 1131
5469, 1131
5470, 1531
5471, 1031
5472, 1036
5473, 1231
5474, 930
5475, 1534
5476, 0
5477, 1536
5478, 1335
5479, 1139
5480, 1533
5481, 1332
5482, 1136
5483, 731
5484, 1338
5485, 838
5486, 1030
5487, 933
5488, 1337
5489, 70
5490, 0
5491, 1532
5492, 939
5493, 1533
5494, 932
5495, 1438
5496, 932
5497, 1530
5498, 837
5499, 1439
5500, 834
5501, 1432
5502, 936
5503, 1235
5504, 1039
5505, 1038
5506, 1333
5507, 935
5508, 1435
5509, 939
5510, 1533
5511, 932
5512, 1532
5513, 930
5514, 1437
5515, 930
5516, 1434
5517, 930
5518, 1531
5519, 836
5520, 1438
5521, 835
5522, 1335
5523, 838
5524, 1237
5525, 938
5526, 1131
5527, 1230
5528, 938
5529, 1331
5530, 932
5531, 1530
5532, 930
5533, 1431
5534, 930
5535, 1333
5536, 930
5537, 1230
5538, 839
5539, 1235
5540, 837
5541, 1139
5542, 837
5543, 1230
5544, 933
5545, 1130
5546, 1032
5547, 1030
5548, 1133
5549, 932
5550, 1136
5551, 936
5552, 1030
5553, 731
5554, 1531
5555, 938
5556, 1237
5557, 734
5558, 1432
5559, 830
5560, 1236
5561, 639
5562, 1336
5563, 734
5564, 1239
5565, 933
5566, 1032
5567, 1230
5568, 930
5569, 1630
5570, 1336
5571, 1235
5572, 737
5573, 1332
5574, 732
5575, 1339
5576, 637
5577, 1530
5578, 830
5579, 1331
5580, 738
5581, 1234
5582, 734
5583, 1232
5584, 1130
5585, 1439
5586, 832
5587, 1133
5588, 1038
5589, 832
5590, 1330
5591, 734
5592, 1235
5593, 833
5594, 1239
5595, 730
5596, 1139
5597, 636
5598, 1331
5599, 1134
5600, 1532
5601, 732
5602, 1238
5603, 838
5604, 1233
5605, 836
5606, 1037
5607, 936
5608, 1131
5609, 939
5610, 936
5611, 1135
5612, 731
5613, 1139
5614, 634
5615, 1531
5616, 832
5617, 1335
5618, 639
5619, 1430
5620, 831
5621, 1431
5622, 1332
5623, 1336
5624, 831
5625, 1331
5626, 835
5627, 1037
5628, 935
5629, 931
5630, 939
5631, 934
5632, 1138
5633, 737
5634, 1237
5635, 732
5636, 1331
5637, 1239
5638, 1736
5639, 738
5640, 1239
5641, 737
5642, 1236
5643, 830
5644, 1132
5645, 939
5646, 1133
5647, 735
5648, 1230
5649, 839
5650, 1030
5651, 1031
5652, 832
5653, 1331
5654, 834
5655, 1236
5656, 734
5657, 1432
5658, 732
5659, 1339
5660, 1230
5661, 1439
5662, 730
5663, 1335
5664, 734
5665, 1232
5666, 837
5667, 1135
5668, 1031
5669, 1039
5670, 833
5671, 1134
5672, 1139
5673, 931
5674, 1137
5675, 1138
5676, 1233
5677, 739
5678, 1234
5679, 730
5680, 1337
5681, 734
5682, 1337
5683, 1238
5684, 1333
5685, 832
5686, 1334
5687, 831
5688, 1232
5689, 834
5690, 1236
5691, 1037
5692, 1131
5693, 1036
5694, 839
5695, 1038
5696, 735
5697, 1332
5698, 935
5699, 1336
5700, 739
5701, 1334
5702, 730
5703, 1238
5704, 730
5705, 1131
5706, 838
5707, 1132
5708, 732
5709, 1230
5710, 737
5711, 1134
5712, 933
5713, 1430
5714, 1132
5715, 1032
5716, 1332
5717, 831
5718, 1339
5719, 736
5720, 1330
5721, 1030
5722, 1331
5723, 735
5724, 1430
5725, 730
5726, 1239
5727, 735
5728, 1336
5729, 934
5730, 1333
5731, 739
5732, 1332
5733, 934
5734, 1132
5735, 1035
5736, 1233
5737, 1138
5738, 837
5739, 1433
5740, 735
5741, 1431
5742, 731
5743, 1738
5744, 1133
5745, 1133
5746, 832
5747, 1435
5748, 736
5749, 1137
5750, 836
5751, 1438
5752, 738
5753, 1032
5754, 930
5755, 1030
5756, 938
5757, 932
5758, 937
5759, 1134
5760, 1037
5761, 831
5762, 1233
5763, 830
5764, 1232
5765, 736
5766, 1334
5767, 933
5768, 1036
5769, 835
5770, 1033
5771, 833
5772, 1131
5773, 739
5774, 1636
5775, 835
5776, 1034
5777, 934
5778, 837
5779, 1131
5780, 837
5781, 1439
5782, 934
5783, 1039
5784, 831
5785, 1235
5786, 830
5787, 1230
5788, 734
5789, 1539
5790, 738
5791, 1133
5792, 833
5793, 1035
5794, 831
5795, 1037
5796, 1131
5797, 1232
5798, 932
5799, 936
5800, 1036
5801, 838
5802, 1039
5803, 638
5804, 934
5805, 931
5806, 534
5807, 539
5808, 737
5809, 534
5810, 937
5811, 336
5812, 1335
5813, 737
5814, 1732
5815, 31
5816, 2039
5817, 30
5818, 2237
5819, 30
5820, 1933
5821, 31
5822, 1134
5823, 1132
5824, 930
5825, 1134
5826, 930
5827, 1134
5828, 931
5829, 1134
5830, 839
5831, 1132
5832, 930
5833, 636
5834, 139
5835, 1837
5836, 738
5837, 2338
5838, 30
5839, 2636
5840, 30
5841, 2033
5842, 30
5843, 1130
5844, 738
5845, 1032
5846, 536
5847, 737
5848, 738
5849, 730
5850, 930
5851, 632
5852, 1036
5853, 739
5854, 831
5855, 830
5856, 1038
5857, 832
5858, 1037
5859, 830
5860, 3531
5861, 36
5862, 3232
5863, 1739
5864, 1032
5865, 2436
5866, 838
5867, 2630
5868, 3337
5869, 231
5870, 3930
5871, 2134
5872, 839
5873, 2137
5874, 931
5875, 2237
5876, 839
5877, 3930
5878, 32
5879, 2231
5880, 532
5881, 2134
5882, 931
5883, 4032
5884, 431
5885, 1037
5886, 1333
5887, 1032
5888, 1838
5889, 3937
5890, 235
5891, 3231
5892, 2231
5893, 833
5894, 3133
5895, 2338
5896, 3339
5897, 639
5898, 2234
5899, 438
5900, 3637
5901, 33
5902, 3936
5903, 334
5904, 2235
5905, 2033
5906, 4037
5907, 533
5908, 1333
5909, 1638
5910, 833
5911, 1936
5912, 638
5913, 1733
5914, 634
5915, 1335
5916, 1134
5917, 1235
5918, 639
5919, 1331
5920, 736
5921, 1139
5922, 930
5923, 1030
5924, 1133
5925, 934
5926, 1039
5927, 736
5928, 1335
5929, 737
5930, 1438
5931, 631
5932, 1732
5933, 735
5934, 1433
5935, 636
5936, 1336
5937, 733
5938, 1336
5939, 730
5940, 1532
5941, 636
5942, 1334
5943, 832
5944, 1039
5945, 1133
5946, 937
5947, 1038
5948, 937
5949, 1334
5950, 739
5951, 1531
5952, 636
5953, 1539
5954, 637
5955, 1434
5956, 832
5957, 1432
5958, 538
5959, 1535
5960, 733
5961, 1633
5962, 830
5963, 1338
5964, 933
5965, 1434
5966, 934
5967, 1236
5968, 1535
5969, 838
5970, 2138
5971, 732
5972, 2334
5973, 838
5974, 2338
5975, 731
5976, 2731
5977, 637
5978, 2738
5979, 533
5980, 2437
5981, 534
5982, 3136
5983, 530
5984, 3233
5985, 436
5986, 4039
5987, 30
5988, 3736
5989, 30
5990, 4039
5991, 30
5992, 4039
5993, 932
5994, 1530
5995, 1138
5996, 3236
5997, 136
5998, 3834
5999, 1230
6000, 2039
6001, 3237
6002, 537
6003, 3930
6004, 339
6005, 4035
6006, 30
6007, 4034
6008, 32
6009, 4035
6010, 30
6011, 4034
6012, 632
6013, 3939
6014, 131
6015, 3739
6016, 238
6017, 3830
6018, 134
6019, 737
6020, 2137
6021, 935
6022, 2239
6023, 630
6024, 2139
6025, 737
6026, 1835
6027, 736
6028, 1736
6029, 1139
6030, 1338
6031, 1536
6032, 839
6033, 2038
6034, 738
6035, 2130
6036, 1338
6037, 2135
6038, 735
6039, 2436
6040, 638
6041, 2538
6042, 633
6043, 2831
6044, 936
6045, 2531
6046, 439
6047, 3231
6048, 1834
6049, 4039
6050, 30
6051, 4038
6052, 1133
6053, 1531
6054, 1536
6055, 935
6056, 3135
6057, 837
6058, 2338
6059, 638
6060, 2234
6061, 935
6062, 1435
6063, 632
6064, 1535
6065, 732
6066, 1239
6067, 731
6068, 1430
6069, 932
6070, 1135
6071, 934
6072, 930
6073, 1234
6074, 733
6075, 1331
6076, 1036
6077, 1531
6078, 738
6079, 1433
6080, 639
6081, 1434
6082, 735
6083, 1333
6084, 1432
6085, 1338
6086, 636
6087, 1330
6088, 831
6089, 1130
6090, 933
6091, 1037
6092, 1239
6093, 1132
6094, 1037
6095, 838
6096, 1334
6097, 637
6098, 1430
6099, 639
6100, 1838
6101, 937
6102, 1236
6103, 731
6104, 1430
6105, 736
6106, 1332
6107, 834
6108, 1435
6109, 839
6110, 1138
6111, 835
6112, 1133
6113, 1035
6114, 934
6115, 1135
6116, 1137
6117, 1237
6118, 831
6119, 1430
6120, 732
6121, 1334
6122, 735
6123, 1338
6124, 1035
6125, 1230
6126, 637
6127, 1239
6128, 834
6129, 1237
6130, 836
6131, 1139
6132, 1234
6133, 1130
6134, 931
6135, 1031
6136, 1139
6137, 733
6138, 1334
6139, 639
6140, 1534
6141, 936
6142, 1235
6143, 636
6144, 1333
6145, 634
6146, 1236
6147, 633
6148, 1530
6149, 535
6150, 1233
6151, 534
6152, 1237
6153, 633
6154, 1134
6155, 739
6156, 2330
6157, 2234
6158, 1038
6159, 1836
6160, 830
6161, 1836
6162, 734
6163, 2130
6164, 938
6165, 2133
6166, 738
6167, 2235
6168, 634
6169, 2030
6170, 730
6171, 1931
6172, 1334
6173, 2431
6174, 634
6175, 2038
6176, 1031
6177, 1230
6178, 1139
6179, 932
6180, 1336
6181, 834
6182, 1137
6183, 837
6184, 1338
6185, 733
6186, 1438
6187, 734
6188, 1837
6189, 1136
6190, 1339
6191, 636
6192, 2035
6193, 633
6194, 1538
6195, 932
6196, 1333
6197, 1132
6198, 1037
6199, 1136
6200, 739
6201, 1436
6202, 639
6203, 1435
6204, 931
6205, 1638
6206, 737
6207, 1338
6208, 639
6209, 1337
6210, 639
6211, 1331
6212, 1330
6213, 1436
6214, 733
6215, 1135
6216, 930
6217, 1132
6218, 836
6219, 1031
6220, 1331
6221, 1339
6222, 939
6223, 836
6224, 1139
6225, 835
6226, 1230
6227, 832
6228, 1134
6229, 1035
6230, 1032
6231, 832
6232, 1133
6233, 738
6234, 1137
6235, 839
6236, 1338
6237, 932
6238, 1131
6239, 839
6240, 939
6241, 1135
6242, 737
6243, 1431
6244, 1037
6245, 1637
6246, 833
6247, 1539
6248, 636
6249, 1533
6250, 637
6251, 1439
6252, 1132
6253, 1436
6254, 636
6255, 1435
6256, 739
6257, 1233
6258, 931
6259, 1137
6260, 1435
6261, 1633
6262, 1034
6263, 1030
6264, 1435
6265, 731
6266, 1534
6267, 730
6268, 1731
6269, 1430
6270, 1437
6271, 635
6272, 1632
6273, 730
6274, 1531
6275, 833
6276, 1933
6277, 838
6278, 1237
6279, 832
6280, 1231
6281, 937
6282, 1031
6283, 1037
6284, 1035
6285, 1433
6286, 831
6287, 1338
6288, 636
6289, 1439
6290, 639
6291, 1434
6292, 1233
6293, 1439
6294, 632
6295, 1334
6296, 830
6297, 1336
6298, 835
6299, 1238
6300, 939
6301, 1334
6302, 831
6303, 1134
6304, 1136
6305, 831
6306, 1338
6307, 731
6308, 1835
6309, 936
6310, 1336
6311, 638
6312, 1537
6313, 635
6314, 1431
6315, 733
6316, 1537
6317, 933
6318, 1236
6319, 735
6320, 1333
6321, 832
6322, 1230
6323, 932
6324, 1331
6325, 1231
6326, 938
6327, 1335
6328, 735
6329, 1437
6330, 639
6331, 1539
6332, 1139
6333, 1139
6334, 736
6335, 1532
6336, 639
6337, 1339
6338, 739
6339, 1336
6340, 1235
6341, 1534
6342, 635
6343, 1232
6344, 835
6345, 1031
6346, 936
6347, 834
6348, 1431
6349, 1238
6350, 1732
6351, 1936
6352, 1335
6353, 833
6354, 1137
6355, 736
6356, 2535
6357, 1030
6358, 1433
6359, 636
6360, 1534
6361, 633
6362, 1431
6363, 735
6364, 1233
6365, 933
6366, 1338
6367, 938
6368, 935
6369, 1232
6370, 838
6371, 1138
6372, 1331
6373, 1230
6374, 835
6375, 1533
6376, 638
6377, 1338
6378, 732
6379, 1330
6380, 1039
6381, 1239
6382, 730
6383, 1533
6384, 838
6385, 1138
6386, 1030
6387, 1033
6388, 1333
6389, 1236
6390, 1137
6391, 837
6392, 1538
6393, 733
6394, 1538
6395, 539
6396, 1737
6397, 938
6398, 1337
6399, 638
6400, 1339
6401, 831
6402, 1330
6403, 735
6404, 1633
6405, 739
6406, 1139
6407, 836
6408, 1039
6409, 1132
6410, 931
6411, 1137
6412, 1438
6413, 1138
6414, 839
6415, 1334
6416, 730
6417, 1432
6418, 732
6419, 1334
6420, 1430
6421, 1430
6422, 639
6423, 1331
6424, 736
6425, 1234
6426, 930
6427, 1230
6428, 1932
6429, 1335
6430, 939
6431, 1130
6432, 1237
6433, 734
6434, 1433
6435, 634
6436, 1531
6437, 1033
6438, 1338
6439, 730
6440, 1439
6441, 638
6442, 1339
6443, 739
6444, 1833
6445, 839
6446, 1538
6447, 738
6448, 1330
6449, 931
6450, 1134
6451, 1031
6452, 1337
6453, 1333
6454, 934
6455, 1430
6456, 736
6457, 1538
6458, 639
6459, 1531
6460, 1439
6461, 1632
6462, 732
6463, 1531
6464, 638
6465, 1434
6466, 832
6467, 1230
6468, 939
6469, 1133
6470, 833
6471, 1332
6472, 1034
6473, 934
6474, 1237
6475, 737
6476, 1637
6477, 1036
6478, 1337
6479, 735
6480, 1630
6481, 730
6482, 1535
6483, 638
6484, 1630
6485, 935
6486, 1431
6487, 732
6488, 1532
6489, 831
6490, 1237
6491, 835
6492, 1632
6493, 1033
6494, 1133
6495, 1235
6496, 739
6497, 1530
6498, 732
6499, 1538
6500, 1033
6501, 1832
6502, 831
6503, 1731
6504, 635
6505, 1635
6506, 636
6507, 1535
6508, 1031
6509, 1730
6510, 730
6511, 1630
6512, 930
6513, 1136
6514, 1038
6515, 934
6516, 1832
6517, 836
6518, 1430
6519, 834
6520, 1536
6521, 735
6522, 1436
6523, 733
6524, 1532
6525, 1137
6526, 1331
6527, 737
6528, 1239
6529, 835
6530, 1232
6531, 835
6532, 1831
6533, 938
6534, 1037
6535, 932
6536, 939
6537, 1031
6538, 834
6539, 1139
6540, 1135
6541, 1430
6542, 834
6543, 1535
6544, 639
6545, 1533
6546, 637
6547, 1439
6548, 1532
6549, 1535
6550, 637
6551, 1539
6552, 831
6553, 1236
6554, 931
6555, 1037
6556, 1232
6557, 1130
6558, 1231
6559, 838
6560, 1433
6561, 735
6562, 1534
6563, 632
6564, 1631
6565, 837
6566, 1438
6567, 636
6568, 1530
6569, 731
6570, 1431
6571, 639
6572, 1530
6573, 639
6574, 1337
6575, 832
6576, 1039
6577, 1139
6578, 938
6579, 1032
6580, 1437
6581, 1237
6582, 837
6583, 1437
6584, 731
6585, 1531
6586, 639
6587, 1437
6588, 1130
6589, 1535
6590, 638
6591, 1838
6592, 737
6593, 1933
6594, 833
6595, 1939
6596, 935
6597, 2232
6598, 533
6599, 2130
6600, 1639
6601, 1238
6602, 2336
6603, 930
6604, 1932
6605, 1034
6606, 1635
6607, 831
6608, 2734
6609, 737
6610, 2830
6611, 532
6612, 2231
6613, 30
6614, 4039
6615, 30
6616, 4039
6617, 30
6618, 4039
6619, 30
6620, 3339
6621, 30
6622, 4039
6623, 31
6624, 4039
6625, 33
6626, 4035
6627, 233
6628, 3333
6629, 131
6630, 3839
6631, 2031
6632, 934
6633, 3334
6634, 637
6635, 3933
6636, 331
6637, 2535
6638, 636
6639, 2534
6640, 532
6641, 2630
6642, 534
6643, 2739
6644, 737
6645, 2036
6646, 1038
6647, 1634
6648, 1434
6649, 1336
6650, 1735
6651, 1135
6652, 2036
6653, 938
6654, 2331
6655, 839
6656, 2431
6657, 832
6658, 2533
6659, 636
6660, 2536
6661, 530
6662, 2636
6663, 535
6664, 2831
6665, 736
6666, 2136
6667, 930
6668, 1735
6669, 1238
6670, 1430
6671, 1637
6672, 1136
6673, 2035
6674, 938
6675, 2239
6676, 932
6677, 2431
6678, 832
6679, 2530
6680, 636
6681, 2536
6682, 536
6683, 2730
6684, 538
6685, 3930
6686, 130
6687, 3735
6688, 236
6689, 3839
6690, 432
6691, 1930
6692, 337
6693, 3532
6694, 137
6695, 3737
6696, 2237
6697, 932
6698, 3433
6699, 330
6700, 3830
6701, 131
6702, 2534
6703, 536
6704, 2838
6705, 238
6706, 3931
6707, 132
6708, 3733
6709, 136
6710, 3832
6711, 432
6712, 1430
6713, 337
6714, 3531
6715, 237
6716, 3730
6717, 2234
6718, 2031
6719, 3439
6720, 230
6721, 3932
6722, 134
6723, 3836
6724, 230
6725, 4039
6726, 230
6727, 2833
6728, 638
6729, 2139
6730, 38
6731, 3733
6732, 339
6733, 1432
6734, 1634
6735, 1232
6736, 2031
6737, 1033
6738, 2235
6739, 935
6740, 2339
6741, 834
6742, 2531
6743, 634
6744, 2535
6745, 730
6746, 2931
6747, 630
6748, 2738
6749, 635
6750, 2230
6751, 838
6752, 1834
6753, 1234
6754, 1432
6755, 1633
6756, 1230
6757, 2030
6758, 1034
6759, 2237
6760, 933
6761, 2339
6762, 835
6763, 2437
6764, 636
6765, 2538
6766, 637
6767, 2933
6768, 632
6769, 2739
6770, 630
6771, 2137
6772, 738
6773, 2439
6774, 1131
6775, 3436
6776, 236
6777, 1032
6778, 1936
6779, 1034
6780, 2237
6781, 933
6782, 2338
6783, 837
6784, 2438
6785, 636
6786, 3838
6787, 238
6788, 3836
6789, 136
6790, 3838
6791, 536
6792, 3731
6793, 233
6794, 3633
6795, 337
6796, 3535
6797, 533
6798, 3435
6799, 633
6800, 3736
6801, 2237
6802, 936
6803, 2338
6804, 833
6805, 2531
6806, 636
6807, 2539
6808, 732
6809, 2931
6810, 637
6811, 2739
6812, 533
6813, 2236
6814, 831
6815, 1935
6816, 1131
6817, 1531
6818, 1536
6819, 1236
6820, 1935
6821, 1036
6822, 2236
6823, 932
6824, 2339
6825, 836
6826, 2439
6827, 39
6828, 2632
6829, 732
6830, 2930
6831, 635
6832, 2739
6833, 438
6834, 2238
6835, 831
6836, 1935
6837, 1331
6838, 1531
6839, 1532
6840, 1237
6841, 1730
6842, 1130
6843, 2233
6844, 934
6845, 2339
6846, 732
6847, 2434
6848, 733
6849, 2334
6850, 130
6851, 3837
6852, 135
6853, 2933
6854, 530
6855, 3731
6856, 136
6857, 3638
6858, 234
6859, 3430
6860, 239
6861, 3634
6862, 430
6863, 3730
6864, 1338
6865, 3233
6866, 3332
6867, 839
6868, 3737
6869, 131
6870, 3630
6871, 133
6872, 3932
6873, 138
6874, 3934
6875, 138
6876, 3735
6877, 130
6878, 3733
6879, 139
6880, 3335
6881, 539
6882, 3535
6883, 435
6884, 3539
6885, 2139
6886, 939
6887, 2430
6888, 839
6889, 2433
6890, 733
6891, 2634
6892, 731
6893, 2832
6894, 537
6895, 2737
6896, 436
6897, 2431
6898, 735
6899, 2130
6900, 939
6901, 1637
6902, 1338
6903, 1334
6904, 1838
6905, 1136
6906, 2137
6907, 937
6908, 2337
6909, 930
6910, 2431
6911, 731
6912, 2637
6913, 636
6914, 2738
6915, 435
6916, 2737
6917, 437
6918, 2437
6919, 736
6920, 2131
6921, 935
6922, 1637
6923, 1336
6924, 1336
6925, 1832
6926, 1135
6927, 2136
6928, 934
6929, 2333
6930, 836
6931, 2438
6932, 736
6933, 2634
6934, 730
6935, 2731
6936, 431
6937, 2738
6938, 437
6939, 2438
6940, 737
6941, 2134
6942, 930
6943, 1734
6944, 1330
6945, 1431
6946, 1831
6947, 1135
6948, 2135
6949, 937
6950, 2336
6951, 837
6952, 2434
6953, 734
6954, 2637
6955, 637
6956, 2637
6957, 337
6958, 2731
6959, 434
6960, 2537
6961, 736
6962, 2232
6963, 838
6964, 1737
6965, 1236
6966, 1436
6967, 1736
6968, 1232
6969, 2133
6970, 936
6971, 2335
6972, 839
6973, 2433
6974, 735
6975, 2633
6976, 636
6977, 2631
6978, 433
6979, 2730
6980, 530
6981, 2634
6982, 737
6983, 2135
6984, 930
6985, 1732
6986, 1237
6987, 1430
6988, 1736
6989, 1136
6990, 2130
6991, 938
6992, 2331
6993, 839
6994, 2432
6995, 736
6996, 2630
6997, 636
6998, 2538
6999, 430
7000, 2634
7001, 531
7002, 2733
7003, 735
7004, 2230
7005, 930
7006, 1830
7007, 538
7008, 3538
7009, 336
7010, 3238
7011, 238
7012, 3431
7013, 2538
7014, 1733
7015, 3433
7016, 736
7017, 2537
7018, 634
7019, 2537
7020, 431
7021, 2539
7022, 532
7023, 2832
7024, 738
7025, 2230
7026, 930
7027, 1832
7028, 1238
7029, 3537
7030, 336
7031, 3437
7032, 237
7033, 3438
7034, 3135
7035, 1638
7036, 3534
7037, 432
7038, 2536
7039, 632
7040, 2537
7041, 432
7042, 2631
7043, 439
7044, 2836
7045, 739
7046, 1931
7047, 930
7048, 1839
7049, 1236
7050, 1436
7051, 1637
7052, 1230
7053, 2037
7054, 1031
7055, 2332
7056, 930
7057, 2434
7058, 832
7059, 2535
7060, 632
7061, 2535
7062, 435
7063, 2634
7064, 532
7065, 2836
7066, 738
7067, 2231
7068, 334
7069, 1832
7070, 1133
7071, 2831
7072, 1639
7073, 1233
7074, 2031
7075, 1032
7076, 2330
7077, 932
7078, 2432
7079, 831
7080, 2533
7081, 630
7082, 2437
7083, 534
7084, 2637
7085, 539
7086, 2930
7087, 736
7088, 2435
7089, 739
7090, 2138
7091, 1037
7092, 1732
7093, 1531
7094, 1334
7095, 1938
7096, 1034
7097, 2238
7098, 930
7099, 2431
7100, 835
7101, 2439
7102, 635
7103, 2533
7104, 538
7105, 2736
7106, 630
7107, 2735
7108, 736
7109, 1933
7110, 1036
7111, 1633
7112, 1432
7113, 1331
7114, 1736
7115, 1136
7116, 2038
7117, 1034
7118, 2236
7119, 934
7120, 2339
7121, 835
7122, 2532
7123, 634
7124, 2630
7125, 538
7126, 2933
7127, 537
7128, 2835
7129, 639
7130, 2238
7131, 835
7132, 1936
7133, 1230
7134, 1533
7135, 1630
7136, 1233
7137, 2030
7138, 1039
7139, 2232
7140, 934
7141, 2431
7142, 837
7143, 2530
7144, 635
7145, 2538
7146, 636
7147, 2935
7148, 630
7149, 2833
7150, 633
7151, 2331
7152, 830
7153, 1936
7154, 1131
7155, 1438
7156, 1535
7157, 1237
7158, 1938
7159, 1037
7160, 2237
7161, 934
7162, 2431
7163, 836
7164, 3438
7165, 235
7166, 3836
7167, 639
7168, 2839
7169, 636
7170, 2832
7171, 532
7172, 2334
7173, 735
7174, 2031
7175, 1035
7176, 1631
7177, 1436
7178, 1338
7179, 1935
7180, 1134
7181, 2234
7182, 932
7183, 2336
7184, 836
7185, 2435
7186, 731
7187, 2636
7188, 733
7189, 2839
7190, 638
7191, 2831
7192, 530
7193, 2238
7194, 833
7195, 1931
7196, 1039
7197, 1530
7198, 1532
7199, 1237
7200, 1932
7201, 1038
7202, 2234
7203, 934
7204, 2336
7205, 834
7206, 2432
7207, 733
7208, 2634
7209, 734
7210, 2834
7211, 730
7212, 2735
7213, 531
7214, 2235
7215, 835
7216, 1838
7217, 1130
7218, 1436
7219, 1534
7220, 1236
7221, 1935
7222, 1039
7223, 2237
7224, 931
7225, 2336
7226, 837
7227, 2434
7228, 735
7229, 2632
7230, 733
7231, 2832
7232, 634
7233, 2733
7234, 530
7235, 2231
7236, 837
7237, 1736
7238, 1137
7239, 1432
7240, 1535
7241, 1232
7242, 1936
7243, 1033
7244, 2330
7245, 838
7246, 2337
7247, 835
7248, 2431
7249, 738
7250, 2534
7251, 735
7252, 2637
7253, 638
7254, 2632
7255, 637
7256, 1535
7257, 1438
7258, 1136
7259, 1836
7260, 939
7261, 2032
7262, 936
7263, 2130
7264, 932
7265, 2037
7266, 838
7267, 2131
7268, 836
7269, 2130
7270, 833
7271, 2031
7272, 832
7273, 1834
7274, 939
7275, 1432
7276, 1339
7277, 1037
7278, 1736
7279, 1031
7280, 1931
7281, 938
7282, 1939
7283, 935
7284, 2031
7285, 932
7286, 2234
7287, 931
7288, 2334
7289, 833
7290, 2038
7291, 834
7292, 2036
7293, 831
7294, 2535
7295, 633
7296, 2535
7297, 1235
7298, 1034
7299, 1731
7300, 1435
7301, 1439
7302, 1139
7303, 1737
7304, 1035
7305, 2130
7306, 932
7307, 2037
7308, 930
7309, 2131
7310, 838
7311, 2431
7312, 739
7313, 1939
7314, 830
7315, 1831
7316, 630
7317, 2536
7318, 637
7319, 1035
7320, 1632
7321, 939
7322, 1732
7323, 935
7324, 1639
7325, 931
7326, 1535
7327, 931
7328, 1336
7329, 839
7330, 1335
7331, 837
7332, 1333
7333, 834
7334, 1239
7335, 839
7336, 1231
7337, 935
7338, 1037
7339, 1038
7340, 938
7341, 1237
7342, 934
7343, 1333
7344, 931
7345, 1430
7346, 931
7347, 1338
7348, 931
7349, 1333
7350, 839
7351, 1331
7352, 836
7353, 1333
7354, 835
7355, 1239
7356, 837
7357, 1235
7358, 936
7359, 1130
7360, 1037
7361, 939
7362, 1331
7363, 934
7364, 1431
7365, 933
7366, 1435
7367, 931
7368, 1430
7369, 930
7370, 1336
7371, 839
7372, 1335
7373, 837
7374, 1431
7375, 836
7376, 1336
7377, 839
7378, 1237
7379, 936
7380, 1133
7381, 1039
7382, 1032
7383, 1239
7384, 935
7385, 1431
7386, 932
7387, 1530
7388, 930
7389, 1432
7390, 839
7391, 1338
7392, 839
7393, 1434
7394, 836
7395, 1631
7396, 835
7397, 1639
7398, 834
7399, 1632
7400, 839
7401, 1337
7402, 1137
7403, 1134
7404, 1538
7405, 1030
7406, 1736
7407, 937
7408, 1832
7409, 935
7410, 1831
7411, 934
7412, 1834
7413, 930
7414, 1836
7415, 838
7416, 1930
7417, 835
7418, 1834
7419, 834
7420, 1635
7421, 839
7422, 1338
7423, 1134
7424, 1135
7425, 1630
7426, 1030
7427, 1730
7428, 936
7429, 1739
7430, 932
7431, 1738
7432, 931
7433, 1638
7434, 839
7435, 1832
7436, 838
7437, 1832
7438, 835
7439, 1832
7440, 833
7441, 1635
7442, 931
7443, 1334
7444, 1135
7445, 1133
7446, 1532
7447, 1030
7448, 1636
7449, 935
7450, 1736
7451, 936
7452, 1731
7453, 931
7454, 1631
7455, 930
7456, 1636
7457, 837
7458, 1631
7459, 837
7460, 1531
7461, 835
7462, 1336
7463, 933
7464, 1232
7465, 1039
7466, 1036
7467, 1336
7468, 936
7469, 1434
7470, 932
7471, 1530
7472, 933
7473, 1435
7474, 933
7475, 1232
7476, 838
7477, 1135
7478, 930
7479, 1133
7480, 930
7481, 1039
7482, 930
7483, 1039
7484, 936
7485, 1230
7486, 1038
7487, 1036
7488, 1239
7489, 933
7490, 1136
7491, 932
7492, 1231
7493, 839
7494, 1230
7495, 930
7496, 1135
7497, 837
7498, 1134
7499, 930
7500, 1130
7501, 930
7502, 1131
7503, 930
7504, 1036
7505, 936
7506, 1034
7507, 1034
7508, 936
7509, 1132
7510, 839
7511, 1137
7512, 839
7513, 1231
7514, 930
7515, 1234
7516, 930
7517, 1137
7518, 838
7519, 1135
7520, 838
7521, 1131
7522, 838
7523, 1133
7524, 931
7525, 1038
7526, 933
7527, 1037
7528, 1032
7529, 939
7530, 1133
7531, 933
7532, 1139
7533, 932
7534, 1139
7535, 930
7536, 1136
7537, 930
7538, 1137
7539, 930
7540, 1339
7541, 838
7542, 1434
7543, 837
7544, 1436
7545, 832
7546, 1335
7547, 933
7548, 1330
7549, 1035
7550, 1130
7551, 1332
7552, 931
7553, 1135
7554, 931
7555, 1231
7556, 838
7557, 1232
7558, 839
7559, 1138
7560, 838
7561, 1135
7562, 837
7563, 1133
7564, 930
7565, 1431
7566, 834
7567, 1430
7568, 931
7569, 1238
7570, 1034
7571, 1132
7572, 1234
7573, 935
7574, 1338
7575, 934
7576, 1432
7577, 931
7578, 1435
7579, 932
7580, 1433
7581, 930
7582, 1335
7583, 838
7584, 1431
7585, 837
7586, 1433
7587, 835
7588, 1337
7589, 838
7590, 1237
7591, 1030
7592, 1132
7593, 1139
7594, 937
7595, 1336
7596, 932
7597, 1433
7598, 932
7599, 1235
7600, 930
7601, 1137
7602, 838
7603, 1138
7604, 839
7605, 1130
7606, 931
7607, 1131
7608, 930
7609, 1130
7610, 933
7611, 1330
7612, 1033
7613, 1130
7614, 1230
7615, 937
7616, 1337
7617, 933
7618, 1436
7619, 931
7620, 1531
7621, 839
7622, 1435
7623, 839
7624, 1338
7625, 837
7626, 1431
7627, 836
7628, 1436
7629, 834
7630, 1339
7631, 930
7632, 1238
7633, 1030
7634, 1131
7635, 1138
7636, 939
7637, 1337
7638, 934
7639, 1435
7640, 930
7641, 1530
7642, 931
7643, 1436
7644, 931
7645, 1336
7646, 930
7647, 1433
7648, 837
7649, 1434
7650, 835
7651, 1338
7652, 839
7653, 1330
7654, 1031
7655, 1131
7656, 1136
7657, 938
7658, 1338
7659, 934
7660, 1439
7661, 933
7662, 1530
7663, 930
7664, 1438
7665, 930
7666, 1337
7667, 837
7668, 1436
7669, 836
7670, 1434
7671, 832
7672, 1432
7673, 837
7674, 1331
7675, 936
7676, 1131
7677, 1036
7678, 939
7679, 1337
7680, 932
7681, 1435
7682, 832
7683, 1437
7684, 1136
7685, 1532
7686, 537
7687, 1537
7688, 539
7689, 1330
7690, 832
7691, 1239
7692, 830
7693, 1335
7694, 737
7695, 1332
7696, 936
7697, 930
7698, 1233
7699, 731
7700, 1634
7701, 737
7702, 1538
7703, 731
7704, 1734
7705, 539
7706, 1632
7707, 538
7708, 1733
7709, 636
7710, 1434
7711, 639
7712, 1535
7713, 733
7714, 1331
7715, 736
7716, 1338
7717, 836
7718, 1036
7719, 1238
7720, 739
7721, 1530
7722, 636
7723, 1535
7724, 835
7725, 1736
7726, 638
7727, 1638
7728, 633
7729, 1436
7730, 633
7731, 1338
7732, 1033
7733, 1530
7734, 636
7735, 1438
7736, 830
7737, 1134
7738, 938
7739, 930
7740, 1530
7741, 933
7742, 1434
7743, 732
7744, 1733
7745, 632
7746, 1633
7747, 632
7748, 1832
7749, 732
7750, 1439
7751, 631
7752, 1538
7753, 632
7754, 1431
7755, 638
7756, 1239
7757, 834
7758, 1238
7759, 937
7760, 1035
7761, 1139
7762, 730
7763, 1433
7764, 739
7765, 1638
7766, 733
7767, 1734
7768, 638
7769, 1636
7770, 539
7771, 1437
7772, 1132
7773, 1534
7774, 633
7775, 1535
7776, 737
7777, 1332
7778, 831
7779, 1137
7780, 1036
