1, 837
2, 1039
3, 938
4, 1039
5, 934
6, 834
7, 1039
8, 837
9, 1137
10, 831
11, 1331
12, 634
13, 1234
14, 636
15, 1330
16, 637
17, 1139
18, 839
19, 1138
20, 637
21, 1133
22, 1232
23, 1337
24, 933
25, 939
26, 1136
27, 637
28, 1136
29, 639
30, 1634
31, 730
32, 1337
33, 739
34, 1131
35, 731
36, 1136
37, 938
38, 1130
39, 931
40, 1231
41, 836
42, 1031
43, 833
44, 1132
45, 1135
46, 733
47, 1330
48, 736
49, 1036
50, 638
51, 1430
52, 736
53, 1235
54, 836
55, 1239
56, 637
57, 1135
58, 731
59, 1434
60, 737
61, 1231
62, 936
63, 836
64, 1031
65, 736
66, 1533
67, 737
68, 1138
69, 830
70, 1234
71, 632
72, 1234
73, 1037
74, 1138
75, 734
76, 1332
77, 736
78, 1034
79, 736
80, 1033
81, 1233
82, 938
83, 1134
84, 932
85, 938
86, 732
87, 1130
88, 931
89, 1231
90, 834
91, 1335
92, 639
93, 1135
94, 638
95, 1235
96, 836
97, 1135
98, 931
99, 1136
100, 732
101, 1031
102, 1130
103, 937
104, 1038
105, 836
106, 1237
107, 636
108, 1230
109, 636
110, 1536
111, 731
112, 1432
113, 831
114, 1037
115, 733
116, 1133
117, 934
118, 1131
119, 938
120, 1137
121, 938
122, 830
123, 1034
124, 1032
125, 1234
126, 731
127, 1339
128, 736
129, 1138
130, 638
131, 1535
132, 736
133, 1139
134, 837
135, 1238
136, 638
137, 1135
138, 733
139, 1331
140, 839
141, 1037
142, 1133
143, 734
144, 1135
145, 639
146, 1137
147, 730
148, 1236
149, 834
150, 1233
151, 634
152, 1138
153, 837
154, 1137
155, 737
156, 1239
157, 735
158, 1033
159, 834
160, 931
161, 1334
162, 830
163, 1237
164, 834
165, 1133
166, 730
167, 1138
168, 931
169, 1235
170, 836
171, 1330
172, 732
173, 1132
174, 734
175, 1333
176, 834
177, 1036
178, 935
179, 1033
180, 835
181, 832
182, 1134
183, 938
184, 1136
185, 832
186, 1331
187, 632
188, 1230
189, 635
190, 1336
191, 730
192, 1334
193, 833
194, 1037
195, 735
196, 1039
197, 832
198, 1033
199, 1037
200, 938
201, 1135
202, 638
203, 1136
204, 1036
205, 1332
206, 731
207, 1431
208, 739
209, 1138
210, 732
211, 1238
212, 833
213, 1230
214, 837
215, 1237
216, 737
217, 1037
218, 833
219, 1235
220, 1034
221, 930
222, 1239
223, 636
224, 1233
225, 632
226, 1532
227, 634
228, 1239
229, 839
230, 1231
231, 732
232, 1131
233, 1230
234, 1334
235, 738
236, 1232
237, 932
238, 930
239, 1030
240, 931
241, 1435
242, 639
243, 1338
244, 831
245, 1035
246, 637
247, 1232
248, 1030
249, 1139
250, 932
251, 1330
252, 834
253, 1134
254, 732
255, 1331
256, 935
257, 1032
258, 1039
259, 932
260, 1036
261, 732
262, 1531
263, 838
264, 1235
265, 832
266, 1336
267, 631
268, 1232
269, 637
270, 1338
271, 735
272, 1331
273, 833
274, 1133
275, 739
276, 1033
277, 1231
278, 833
279, 1131
280, 839
281, 1139
282, 632
283, 1139
284, 933
285, 1333
286, 638
287, 1430
288, 736
289, 1136
290, 733
291, 1134
292, 731
293, 1138
294, 839
295, 1138
296, 734
297, 931
298, 936
299, 935
300, 1235
301, 739
302, 1438
303, 637
304, 1238
305, 630
306, 1438
307, 739
308, 1338
309, 838
310, 1439
311, 1134
312, 1733
313, 1433
314, 1830
315, 1532
316, 1834
317, 1632
318, 1631
319, 1534
320, 733
321, 1638
322, 638
323, 1533
324, 732
325, 1339
326, 631
327, 1332
328, 1131
329, 1233
330, 638
331, 1434
332, 730
333, 1131
334, 738
335, 1434
336, 1235
337, 839
338, 1331
339, 733
340, 1233
341, 635
342, 1332
343, 939
344, 1430
345, 735
346, 1438
347, 633
348, 1435
349, 1139
350, 1435
351, 1135
352, 1732
353, 1533
354, 1732
355, 1631
356, 1735
357, 1539
358, 931
359, 1237
360, 831
361, 1333
362, 537
363, 1334
364, 832
365, 1535
366, 633
367, 1530
368, 738
369, 1232
370, 730
371, 1235
372, 934
373, 1136
374, 936
375, 1131
376, 832
377, 738
378, 1234
379, 834
380, 1437
381, 637
382, 1536
383, 639
384, 1235
385, 631
386, 1531
387, 737
388, 1239
389, 831
390, 1338
391, 634
392, 1232
393, 732
394, 1138
395, 939
396, 1035
397, 1333
398, 1130
399, 933
400, 1432
401, 1633
402, 1239
403, 1336
404, 1439
405, 1631
406, 1638
407, 1536
408, 1438
409, 1431
410, 731
411, 1431
412, 738
413, 1034
414, 839
415, 1230
416, 1330
417, 732
418, 1432
419, 736
420, 1230
421, 630
422, 1236
423, 836
424, 1332
425, 738
426, 1433
427, 634
428, 1237
429, 636
430, 1535
431, 733
432, 1239
433, 935
434, 939
435, 938
436, 735
437, 1236
438, 834
439, 1239
440, 737
441, 1433
442, 539
443, 1336
444, 538
445, 1433
446, 639
447, 1434
448, 738
449, 1135
450, 734
451, 1133
452, 734
453, 1036
454, 1134
455, 933
456, 1133
457, 730
458, 1139
459, 934
460, 1332
461, 632
462, 1438
463, 639
464, 1232
465, 635
466, 1433
467, 732
468, 1235
469, 833
470, 1236
471, 734
472, 1039
473, 836
474, 1134
475, 1132
476, 835
477, 1338
478, 536
479, 1330
480, 537
481, 1538
482, 633
483, 1534
484, 732
485, 1334
486, 636
487, 1330
488, 833
489, 1431
490, 734
491, 1330
492, 835
493, 835
494, 1034
495, 638
496, 1436
497, 731
498, 1530
499, 639
500, 1239
501, 632
502, 1335
503, 538
504, 1430
505, 833
506, 1433
507, 632
508, 1237
509, 635
510, 1337
511, 839
512, 1031
513, 1133
514, 839
515, 1133
516, 634
517, 1539
518, 837
519, 1431
520, 737
521, 1437
522, 538
523, 1334
524, 630
525, 1532
526, 730
527, 1436
528, 738
529, 1131
530, 739
531, 1034
532, 1030
533, 836
534, 1330
535, 833
536, 1332
537, 632
538, 1239
539, 835
540, 1430
541, 637
542, 1430
543, 734
544, 1138
545, 733
546, 1436
547, 938
548, 1132
549, 932
550, 1135
551, 739
552, 932
553, 939
554, 1036
555, 1230
556, 836
557, 1333
558, 631
559, 1236
560, 636
561, 1336
562, 831
563, 1231
564, 834
565, 1236
566, 632
567, 1137
568, 1130
569, 1338
570, 833
571, 1136
572, 1130
573, 732
574, 1137
575, 635
576, 1233
577, 637
578, 1534
579, 732
580, 1335
581, 631
582, 1238
583, 837
584, 1236
585, 738
586, 1339
587, 737
588, 1132
589, 738
590, 1139
591, 1037
592, 835
593, 1233
594, 1330
595, 1330
596, 1432
597, 1531
598, 1733
599, 1532
600, 1731
601, 1538
602, 1430
603, 1439
604, 635
605, 1334
606, 733
607, 1239
608, 931
609, 1136
610, 830
611, 838
612, 1436
613, 835
614, 1235
615, 737
616, 1435
617, 537
618, 1333
619, 637
620, 1631
621, 635
622, 1438
623, 737
624, 1132
625, 731
626, 1139
627, 934
628, 1130
629, 937
630, 1033
631, 1136
632, 733
633, 1139
634, 830
635, 1233
636, 638
637, 1530
638, 634
639, 1239
640, 633
641, 1733
642, 737
643, 1237
644, 832
645, 1235
646, 637
647, 1135
648, 932
649, 1239
650, 939
651, 935
652, 1335
653, 538
654, 1333
655, 538
656, 1439
657, 635
658, 1634
659, 730
660, 1330
661, 1130
662, 1139
663, 1039
664, 1337
665, 1433
666, 1439
667, 1233
668, 1437
669, 1335
670, 1332
671, 1137
672, 1537
673, 1434
674, 1530
675, 1530
676, 1533
677, 1536
678, 1636
679, 1438
680, 1437
681, 1530
682, 631
683, 1239
684, 632
685, 1432
686, 737
687, 1238
688, 1033
689, 932
690, 1032
691, 639
692, 1639
693, 834
694, 1333
695, 735
696, 1436
697, 537
698, 1335
699, 836
700, 1639
701, 637
702, 1437
703, 737
704, 1135
705, 735
706, 1038
707, 1133
708, 935
709, 1230
710, 834
711, 1132
712, 634
713, 1238
714, 837
715, 1332
716, 732
717, 1534
718, 536
719, 1234
720, 634
721, 1531
722, 731
723, 1236
724, 832
725, 1238
726, 738
727, 1034
728, 934
729, 939
730, 1235
731, 831
732, 1437
733, 538
734, 1431
735, 536
736, 1630
737, 633
738, 1532
739, 732
740, 1331
741, 538
742, 1239
743, 835
744, 1330
745, 737
746, 1235
747, 936
748, 1239
749, 737
750, 1231
751, 1431
752, 1235
753, 1330
754, 1233
755, 1237
756, 1239
757, 1433
758, 1735
759, 1432
760, 1438
761, 1536
762, 1437
763, 1634
764, 1433
765, 1434
766, 1239
767, 1238
768, 1039
769, 1237
770, 1237
771, 638
772, 1339
773, 1032
774, 1334
775, 735
776, 1338
777, 630
778, 1238
779, 731
780, 1637
781, 730
782, 1337
783, 830
784, 1033
785, 831
786, 934
787, 1037
788, 737
789, 1339
790, 737
791, 1336
792, 632
793, 1239
794, 933
795, 1331
796, 731
797, 1436
798, 637
799, 1136
800, 637
801, 1732
802, 736
803, 1135
804, 933
805, 1130
806, 930
807, 739
808, 1137
809, 1030
810, 1331
811, 735
812, 1530
813, 533
814, 1431
815, 534
816, 1536
817, 632
818, 1434
819, 737
820, 1336
821, 630
822, 1233
823, 1134
824, 1139
825, 934
826, 1031
827, 1136
828, 631
829, 1331
830, 937
831, 1638
832, 635
833, 1634
834, 636
835, 1239
836, 538
837, 1237
838, 738
839, 1331
840, 831
841, 1336
842, 835
843, 1130
844, 831
845, 1335
846, 1033
847, 735
848, 1437
849, 635
850, 1236
851, 1338
852, 1430
853, 1537
854, 1337
855, 1336
856, 1530
857, 1234
858, 1435
859, 1333
860, 1739
861, 1433
862, 1637
863, 1431
864, 1535
865, 1432
866, 1437
867, 1238
868, 1333
869, 1336
870, 1432
871, 1438
872, 539
873, 1338
874, 738
875, 1436
876, 637
877, 1431
878, 739
879, 1136
880, 734
881, 1131
882, 1031
883, 938
884, 1039
885, 932
886, 1037
887, 638
888, 1233
889, 933
890, 1336
891, 738
892, 1438
893, 634
894, 1235
895, 635
896, 1539
897, 739
898, 1231
899, 830
900, 1232
901, 730
902, 1036
903, 1234
904, 1033
905, 1139
906, 832
907, 1433
908, 538
909, 1336
910, 539
911, 1637
912, 632
913, 1535
914, 734
915, 1233
916, 636
917, 1238
918, 735
919, 1139
920, 735
921, 1235
922, 937
923, 737
924, 1133
925, 1039
926, 1536
927, 1133
928, 1232
929, 1239
930, 1236
931, 1235
932, 1335
933, 1238
934, 1234
935, 1533
936, 1532
937, 1339
938, 1632
939, 1534
940, 1432
941, 1435
942, 1731
943, 1530
944, 1630
945, 1433
946, 1430
947, 1436
948, 1035
949, 1432
950, 736
951, 1435
952, 539
953, 1237
954, 633
955, 1332
956, 731
957, 1336
958, 832
959, 1036
960, 832
961, 935
962, 937
963, 738
964, 1433
965, 735
966, 1237
967, 632
968, 1238
969, 631
970, 1438
971, 635
972, 1438
973, 731
974, 1136
975, 638
976, 1434
977, 1034
978, 1133
979, 935
980, 1135
981, 935
982, 832
983, 1132
984, 936
985, 1335
986, 734
987, 1530
988, 535
989, 1430
990, 535
991, 1334
992, 630
993, 1530
994, 830
995, 1338
996, 634
997, 1237
998, 934
999, 1131
1000, 936
1001, 1031
1002, 1232
1003, 536
1004, 1333
1005, 737
1006, 1535
1007, 1130
1008, 1330
1009, 1234
1010, 1236
1011, 1334
1012, 1433
1013, 1134
1014, 1432
1015, 1138
1016, 1532
1017, 1431
1018, 1631
1019, 1339
1020, 1438
1021, 1337
1022, 1532
1023, 1433
1024, 1538
1025, 1434
1026, 1530
1027, 1939
1028, 830
1029, 1338
1030, 735
1031, 1336
1032, 634
1033, 1235
1034, 634
1035, 1330
1036, 733
1037, 1239
1038, 933
1039, 833
1040, 1031
1041, 734
1042, 1439
1043, 731
1044, 1437
1045, 734
1046, 1338
1047, 537
1048, 1333
1049, 639
1050, 1438
1051, 637
1052, 1437
1053, 730
1054, 1137
1055, 730
1056, 1638
1057, 939
1058, 1034
1059, 1137
1060, 836
1061, 1134
1062, 635
1063, 1236
1064, 936
1065, 1339
1066, 734
1067, 1530
1068, 534
1069, 1335
1070, 537
1071, 1836
1072, 631
1073, 1431
1074, 739
1075, 1238
1076, 830
1077, 1039
1078, 1138
1079, 1031
1080, 1136
1081, 1333
1082, 1139
1083, 1033
1084, 1233
1085, 1335
1086, 1234
1087, 1438
1088, 1439
1089, 1435
1090, 1531
1091, 1538
1092, 1538
1093, 1437
1094, 1734
1095, 1631
1096, 1632
1097, 1434
1098, 1633
1099, 1430
1100, 1433
1101, 1332
1102, 1231
1103, 1633
1104, 734
1105, 1233
1106, 632
1107, 1636
1108, 938
1109, 1236
1110, 830
1111, 1334
1112, 636
1113, 1230
1114, 638
1115, 1331
1116, 835
1117, 1130
1118, 1136
1119, 636
1120, 1234
1121, 633
1122, 1238
1123, 635
1124, 1532
1125, 731
1126, 1431
1127, 631
1128, 1238
1129, 936
1130, 1232
1131, 636
1132, 1339
1133, 730
1134, 1034
1135, 739
1136, 1336
1137, 1131
1138, 832
1139, 1339
1140, 735
1141, 1137
1142, 633
1143, 1238
1144, 934
1145, 1336
1146, 733
1147, 1433
1148, 633
1149, 1332
1150, 633
1151, 1730
1152, 632
1153, 1432
1154, 930
1155, 1138
1156, 835
1157, 834
1158, 1431
1159, 837
1160, 1333
1161, 736
1162, 1432
1163, 535
1164, 1430
1165, 636
1166, 1434
1167, 631
1168, 1533
1169, 736
1170, 1137
1171, 938
1172, 1335
1173, 1033
1174, 1439
1175, 1039
1176, 1536
1177, 1035
1178, 1335
1179, 1231
1180, 1235
1181, 1334
1182, 930
1183, 1337
1184, 1432
1185, 1535
1186, 1339
1187, 1531
1188, 1532
1189, 1532
1190, 1432
1191, 1436
1192, 1237
1193, 1539
1194, 1339
1195, 1634
1196, 1430
1197, 1539
1198, 1439
1199, 1530
1200, 1432
1201, 1532
1202, 1437
1203, 1334
1204, 1434
1205, 836
1206, 534
1207, 434
1208, 833
1209, 933
1210, 1232
1211, 731
1212, 1333
1213, 737
1214, 838
1215, 934
1216, 1235
1217, 1232
1218, 730
1219, 1434
1220, 636
1221, 1235
1222, 633
1223, 1237
1224, 839
1225, 1239
1226, 833
1227, 1337
1228, 539
1229, 1233
1230, 635
1231, 1337
1232, 738
1233, 1236
1234, 1037
1235, 934
1236, 1033
1237, 639
1238, 1435
1239, 832
1240, 1332
1241, 733
1242, 1430
1243, 533
1244, 1332
1245, 738
1246, 1630
1247, 637
1248, 1432
1249, 738
1250, 1037
1251, 736
1252, 1038
1253, 1137
1254, 838
1255, 1139
1256, 830
1257, 1139
1258, 631
1259, 1238
1260, 1033
1261, 1430
1262, 630
1263, 1534
1264, 732
1265, 1231
1266, 636
1267, 1735
1268, 634
1269, 1236
1270, 831
1271, 1231
1272, 831
1273, 938
1274, 936
1275, 937
1276, 1237
1277, 739
1278, 1438
1279, 534
1280, 1430
1281, 538
1282, 1635
1283, 631
1284, 1331
1285, 934
1286, 1237
1287, 936
1288, 1537
1289, 1032
1290, 1637
1291, 1137
1292, 1631
1293, 1237
1294, 1433
1295, 1438
1296, 1433
1297, 1437
1298, 1539
1299, 1539
1300, 1537
1301, 1533
1302, 1536
1303, 1631
1304, 1431
1305, 1534
1306, 1430
1307, 1432
1308, 1235
1309, 1135
1310, 434
1311, 732
1312, 638
1313, 1236
1314, 1339
1315, 738
1316, 1135
1317, 635
1318, 1439
1319, 737
1320, 1333
1321, 736
1322, 1339
1323, 537
1324, 1237
1325, 634
1326, 1537
1327, 638
1328, 1339
1329, 834
1330, 1033
1331, 838
1332, 835
1333, 1036
1334, 731
1335, 1432
1336, 734
1337, 1430
1338, 534
1339, 1335
1340, 930
1341, 1436
1342, 632
1343, 1437
1344, 637
1345, 1135
1346, 638
1347, 1434
1348, 1134
1349, 1037
1350, 938
1351, 1031
1352, 934
1353, 731
1354, 1137
1355, 935
1356, 1334
1357, 738
1358, 1532
1359, 531
1360, 1338
1361, 537
1362, 1533
1363, 539
1364, 1436
1365, 737
1366, 1333
1367, 631
1368, 1136
1369, 1236
1370, 1034
1371, 1031
1372, 936
1373, 1333
1374, 1230
1375, 1132
1376, 1135
1377, 1334
1378, 1133
1379, 1431
1380, 1337
1381, 1339
1382, 1331
1383, 1436
1384, 1434
1385, 1336
1386, 1332
1387, 1538
1388, 1331
1389, 1630
1390, 1430
1391, 1730
1392, 1233
1393, 1537
1394, 1532
1395, 1630
1396, 1538
1397, 1632
1398, 1833
1399, 1534
1400, 1237
1401, 1234
1402, 1233
1403, 1231
1404, 1439
1405, 638
1406, 1531
1407, 738
1408, 1234
1409, 1030
1410, 832
1411, 1037
1412, 637
1413, 1339
1414, 734
1415, 1334
1416, 736
1417, 1333
1418, 534
1419, 1331
1420, 836
1421, 1330
1422, 638
1423, 1432
1424, 735
1425, 1136
1426, 731
1427, 1039
1428, 1039
1429, 932
1430, 1138
1431, 831
1432, 1130
1433, 634
1434, 1235
1435, 738
1436, 1336
1437, 734
1438, 1437
1439, 538
1440, 1237
1441, 636
1442, 1631
1443, 831
1444, 1233
1445, 833
1446, 1237
1447, 735
1448, 1030
1449, 1338
1450, 1033
1451, 1234
1452, 830
1453, 1436
1454, 534
1455, 1338
1456, 630
1457, 1438
1458, 634
1459, 1532
1460, 730
1461, 1334
1462, 938
1463, 1531
1464, 1239
1465, 1630
1466, 1230
1467, 1532
1468, 1139
1469, 1437
1470, 1232
1471, 1534
1472, 1535
1473, 1532
1474, 1533
1475, 1439
1476, 1538
1477, 1630
1478, 1632
1479, 1438
1480, 1437
1481, 1439
1482, 1432
1483, 1236
1484, 1438
1485, 837
1486, 1336
1487, 930
1488, 1039
1489, 1139
1490, 738
1491, 1135
1492, 637
1493, 1437
1494, 830
1495, 1330
1496, 735
1497, 1430
1498, 630
1499, 1330
1500, 638
1501, 1436
1502, 732
1503, 1430
1504, 835
1505, 1035
1506, 832
1507, 930
1508, 1138
1509, 737
1510, 1430
1511, 738
1512, 1430
1513, 539
1514, 1330
1515, 734
1516, 1332
1517, 734
1518, 1435
1519, 731
1520, 1137
1521, 636
1522, 1439
1523, 731
1524, 1138
1525, 935
1526, 1130
1527, 838
1528, 739
1529, 1133
1530, 837
1531, 1332
1532, 734
1533, 1532
1534, 632
1535, 1430
1536, 536
1537, 1635
1538, 633
1539, 1530
1540, 737
1541, 1136
1542, 635
1543, 1235
1544, 930
1545, 1230
1546, 933
1547, 1031
1548, 1138
1549, 538
1550, 1330
1551, 630
1552, 1637
1553, 635
1554, 1536
1555, 1134
1556, 1139
1557, 1033
1558, 1438
1559, 1230
1560, 1433
1561, 1235
1562, 1533
1563, 1130
1564, 1630
1565, 1339
1566, 1733
1567, 1436
1568, 1535
1569, 1630
1570, 1635
1571, 1530
1572, 1432
1573, 1334
1574, 1338
1575, 1339
1576, 1237
1577, 736
1578, 534
1579, 632
1580, 833
1581, 1434
1582, 934
1583, 1338
1584, 935
1585, 930
1586, 1031
1587, 736
1588, 1337
1589, 637
1590, 1436
1591, 736
1592, 1339
1593, 632
1594, 1237
1595, 737
1596, 1432
1597, 635
1598, 1431
1599, 733
1600, 1137
1601, 639
1602, 1438
1603, 932
1604, 1033
1605, 1130
1606, 934
1607, 1036
1608, 635
1609, 1230
1610, 939
1611, 1337
1612, 731
1613, 1531
1614, 537
1615, 1333
1616, 538
1617, 1635
1618, 637
1619, 1331
1620, 831
1621, 1238
1622, 638
1623, 1131
1624, 1133
1625, 1032
1626, 1135
1627, 739
1628, 1339
1629, 537
1630, 1136
1631, 1438
1632, 1336
1633, 1130
1634, 1435
1635, 1130
1636, 1239
1637, 1233
1638, 1530
1639, 1332
1640, 1536
1641, 1337
1642, 1634
1643, 1437
1644, 1730
1645, 1533
1646, 1733
1647, 1438
1648, 1638
1649, 1632
1650, 1630
1651, 1537
1652, 1432
1653, 1031
1654, 634
1655, 1137
1656, 1335
1657, 1834
1658, 639
1659, 1238
1660, 636
1661, 1434
1662, 832
1663, 1134
1664, 1130
1665, 639
1666, 1232
1667, 634
1668, 1332
1669, 635
1670, 1536
1671, 732
1672, 1339
1673, 533
1674, 1330
1675, 739
1676, 1238
1677, 637
1678, 1432
1679, 732
1680, 1131
1681, 739
1682, 1135
1683, 1436
1684, 833
1685, 1336
1686, 736
1687, 1139
1688, 632
1689, 1330
1690, 931
1691, 1334
1692, 733
1693, 1434
1694, 539
1695, 1330
1696, 631
1697, 1630
1698, 630
1699, 1234
1700, 837
1701, 1130
1702, 833
1703, 836
1704, 1330
1705, 837
1706, 1332
1707, 1238
1708, 1238
1709, 931
1710, 1338
1711, 1433
1712, 1531
1713, 1233
1714, 1432
1715, 1335
1716, 1539
1717, 1533
1718, 1730
1719, 1930
1720, 1733
1721, 1635
1722, 1731
1723, 1537
1724, 1636
1725, 1630
1726, 1437
1727, 1238
1728, 1239
1729, 1334
1730, 1134
1731, 1238
1732, 633
1733, 1532
1734, 833
1735, 1235
1736, 833
1737, 1337
1738, 632
1739, 1133
1740, 736
1741, 1433
1742, 939
1743, 936
1744, 1335
1745, 636
1746, 1331
1747, 539
1748, 1533
1749, 633
1750, 1337
1751, 734
1752, 1338
1753, 534
1754, 1236
1755, 735
1756, 1339
1757, 639
1758, 1336
1759, 736
1760, 937
1761, 935
1762, 838
1763, 1434
1764, 731
1765, 1531
1766, 734
1767, 1239
1768, 630
1769, 1238
1770, 839
1771, 1333
1772, 739
1773, 1434
1774, 733
1775, 1237
1776, 633
1777, 1332
1778, 731
1779, 1333
1780, 836
1781, 1232
1782, 1034
1783, 1234
1784, 1432
1785, 1339
1786, 1430
1787, 1435
1788, 1438
1789, 1439
1790, 1535
1791, 1538
1792, 1630
1793, 1633
1794, 1734
1795, 1633
1796, 1730
1797, 1631
1798, 1637
1799, 1535
1800, 1536
1801, 1339
1802, 1537
1803, 1437
1804, 633
1805, 1239
1806, 930
1807, 1435
1808, 634
1809, 1438
1810, 733
1811, 1137
1812, 635
1813, 1231
1814, 738
1815, 1138
1816, 833
1817, 1236
1818, 736
1819, 1033
1820, 931
1821, 1332
1822, 1136
1823, 830
1824, 1431
1825, 537
1826, 1333
1827, 537
1828, 1635
1829, 632
1830, 1337
1831, 736
1832, 1334
1833, 538
1834, 1237
1835, 733
1836, 1338
1837, 738
1838, 1234
1839, 933
1840, 735
1841, 1131
1842, 1031
1843, 1639
1844, 637
1845, 1533
1846, 638
1847, 1234
1848, 539
1849, 1238
1850, 1039
1851, 1235
1852, 737
1853, 1435
1854, 735
1855, 1232
1856, 731
1857, 1331
1858, 934
1859, 932
1860, 1232
1861, 736
1862, 1134
1863, 632
1864, 1637
1865, 930
1866, 1137
1867, 1233
1868, 1239
1869, 1134
1870, 1431
1871, 1239
1872, 1732
1873, 1139
1874, 1630
1875, 1337
1876, 1539
1877, 1437
1878, 1634
1879, 1437
1880, 1634
1881, 1533
1882, 1638
1883, 1631
1884, 1633
1885, 1539
1886, 1539
1887, 1630
1888, 1438
1889, 1231
1890, 1332
1891, 1333
1892, 1332
1893, 1731
1894, 835
1895, 1236
1896, 935
1897, 1139
1898, 834
1899, 839
1900, 1035
1901, 931
1902, 1234
1903, 735
1904, 1436
1905, 636
1906, 1230
1907, 632
1908, 1531
1909, 736
1910, 1238
1911, 832
1912, 1336
1913, 539
1914, 1232
1915, 936
1916, 1232
1917, 835
1918, 1131
1919, 1136
1920, 637
1921, 1237
1922, 633
1923, 1631
1924, 635
1925, 1537
1926, 730
1927, 1236
1928, 632
1929, 1237
1930, 638
1931, 1233
1932, 730
1933, 1433
1934, 730
1935, 1036
1936, 830
1937, 1133
1938, 1439
1939, 832
1940, 1338
1941, 732
1942, 1134
1943, 630
1944, 1332
1945, 1034
1946, 1337
1947, 733
1948, 1530
1949, 539
1950, 1330
1951, 631
1952, 1338
1953, 634
1954, 1535
1955, 930
1956, 1339
1957, 939
1958, 1436
1959, 1234
1960, 1431
1961, 1330
1962, 1438
1963, 1432
1964, 1238
1965, 1332
1966, 1337
1967, 1439
1968, 1437
1969, 1534
1970, 1439
1971, 1531
1972, 1430
1973, 1531
1974, 1535
1975, 1631
1976, 1437
1977, 1630
1978, 1439
1979, 1632
1980, 1630
1981, 1636
1982, 1537
1983, 1337
1984, 1336
1985, 1237
1986, 1235
1987, 932
1988, 1730
1989, 1139
1990, 1232
1991, 832
1992, 1332
1993, 637
1994, 1135
1995, 733
1996, 1430
1997, 935
1998, 1032
1999, 1236
2000, 633
2001, 1236
2002, 632
2003, 1633
2004, 633
2005, 1531
2006, 731
2007, 1332
2008, 633
2009, 1231
2010, 1033
2011, 1336
2012, 637
2013, 1338
2014, 831
2015, 1033
2016, 835
2017, 830
2018, 1133
2019, 734
2020, 1431
2021, 735
2022, 1236
2023, 631
2024, 1333
2025, 738
2026, 1430
2027, 736
2028, 1435
2029, 537
2030, 1331
2031, 630
2032, 1336
2033, 731
2034, 1332
2035, 932
2036, 1133
2037, 930
2038, 739
2039, 1535
2040, 835
2041, 1335
2042, 733
2043, 1437
2044, 536
2045, 1339
2046, 1035
2047, 1732
2048, 631
2049, 1438
2050, 737
2051, 1138
2052, 639
2053, 1232
2054, 934
2055, 1239
2056, 932
2057, 1432
2058, 1032
2059, 1332
2060, 1430
2061, 1431
2062, 1137
2063, 1137
2064, 1434
2065, 1434
2066, 1436
2067, 1432
2068, 1439
2069, 1530
2070, 1533
2071, 1437
2072, 1535
2073, 1432
2074, 1536
2075, 1433
2076, 1432
2077, 1432
2078, 1537
2079, 1334
2080, 1331
2081, 1336
2082, 830
2083, 1732
2084, 632
2085, 1533
2086, 732
2087, 1339
2088, 535
2089, 1237
2090, 939
2091, 1335
2092, 639
2093, 1337
2094, 833
2095, 936
2096, 838
2097, 1130
2098, 1432
2099, 731
2100, 1432
2101, 734
2102, 1232
2103, 631
2104, 1330
2105, 932
2106, 1335
2107, 738
2108, 1433
2109, 631
2110, 1235
2111, 636
2112, 1639
2113, 735
2114, 1135
2115, 934
2116, 1037
2117, 931
2118, 737
2119, 1430
2120, 1038
2121, 1332
2122, 734
2123, 1535
2124, 533
2125, 1338
2126, 535
2127, 1537
2128, 931
2129, 1337
2130, 1036
2131, 1331
2132, 1035
2133, 1635
2134, 1237
2135, 1439
2136, 1237
2137, 1336
2138, 1235
2139, 1336
2140, 1436
2141, 1632
2142, 1437
2143, 1438
2144, 1630
2145, 1634
2146, 1635
2147, 1539
2148, 1637
2149, 1537
2150, 1633
2151, 1538
2152, 1634
2153, 1439
2154, 1533
2155, 1333
2156, 1532
2157, 1037
2158, 939
2159, 1333
2160, 637
2161, 1234
2162, 633
2163, 1535
2164, 739
2165, 1239
2166, 732
2167, 1338
2168, 534
2169, 1236
2170, 931
2171, 1339
2172, 730
2173, 1335
2174, 739
2175, 938
2176, 837
2177, 839
2178, 1138
2179, 734
2180, 1435
2181, 738
2182, 1232
2183, 632
2184, 1330
2185, 831
2186, 1336
2187, 832
2188, 1437
2189, 635
2190, 1232
2191, 638
2192, 1530
2193, 738
2194, 1135
2195, 933
2196, 1037
2197, 838
2198, 831
2199, 1233
2200, 1035
2201, 1239
2202, 737
2203, 1531
2204, 535
2205, 1338
2206, 535
2207, 1538
2208, 632
2209, 1530
2210, 737
2211, 1339
2212, 1036
2213, 1433
2214, 939
2215, 1433
2216, 1138
2217, 1536
2218, 1333
2219, 1431
2220, 1431
2221, 1636
2222, 1530
2223, 1534
2224, 1630
2225, 1634
2226, 1635
2227, 1633
2228, 1634
2229, 1530
2230, 1630
2231, 1438
2232, 1532
2233, 1237
2234, 1430
2235, 1037
2236, 1438
2237, 835
2238, 1037
2239, 1231
2240, 739
2241, 1131
2242, 637
2243, 1334
2244, 734
2245, 1336
2246, 737
2247, 1336
2248, 538
2249, 1236
2250, 533
2251, 1532
2252, 730
2253, 1434
2254, 830
2255, 1037
2256, 830
2257, 1036
2258, 1130
2259, 832
2260, 1331
2261, 738
2262, 1232
2263, 537
2264, 1333
2265, 937
2266, 1439
2267, 632
2268, 1532
2269, 636
2270, 1138
2271, 637
2272, 1635
2273, 934
2274, 1236
2275, 834
2276, 1238
2277, 736
2278, 1033
2279, 931
2280, 1234
2281, 1138
2282, 831
2283, 1433
2284, 536
2285, 1337
2286, 537
2287, 1638
2288, 633
2289, 1431
2290, 735
2291, 1433
2292, 630
2293, 1330
2294, 1236
2295, 1332
2296, 839
2297, 1533
2298, 1139
2299, 1536
2300, 1236
2301, 1635
2302, 1232
2303, 1335
2304, 1339
2305, 1537
2306, 1438
2307, 1538
2308, 1637
2309, 1731
2310, 1632
2311, 1639
2312, 1636
2313, 1534
2314, 1630
2315, 1531
2316, 1632
2317, 1331
2318, 1434
2319, 1133
2320, 1337
2321, 937
2322, 738
2323, 1331
2324, 738
2325, 1236
2326, 738
2327, 1437
2328, 538
2329, 1334
2330, 631
2331, 1438
2332, 633
2333, 1435
2334, 831
2335, 1230
2336, 639
2337, 1230
2338, 1031
2339, 1035
2340, 835
2341, 1037
2342, 1132
2343, 636
2344, 1234
2345, 930
2346, 1434
2347, 635
2348, 1534
2349, 637
2350, 1233
2351, 630
2352, 1237
2353, 735
2354, 1238
2355, 833
2356, 1339
2357, 632
2358, 1236
2359, 730
2360, 1230
2361, 836
2362, 1038
2363, 1232
2364, 831
2365, 1234
2366, 632
2367, 1531
2368, 638
2369, 1339
2370, 733
2371, 1435
2372, 537
2373, 1334
2374, 934
2375, 1338
2376, 637
2377, 1436
2378, 636
2379, 1036
2380, 736
2381, 1038
2382, 1139
2383, 930
2384, 1237
2385, 831
2386, 1138
2387, 633
2388, 1235
2389, 931
2390, 1233
2391, 1330
2392, 1237
2393, 1137
2394, 1333
2395, 1336
2396, 1736
2397, 1331
2398, 1532
2399, 1336
2400, 1536
2401, 1431
2402, 1635
2403, 1439
2404, 1839
2405, 1537
2406, 1638
2407, 1631
2408, 1630
2409, 1536
2410, 1632
2411, 1539
2412, 1337
2413, 1333
2414, 1333
2415, 1430
2416, 1233
2417, 1638
2418, 1133
2419, 1430
2420, 639
2421, 1336
2422, 739
2423, 939
2424, 834
2425, 1037
2426, 1132
2427, 736
2428, 1432
2429, 735
2430, 1235
2431, 633
2432, 1239
2433, 836
2434, 1337
2435, 735
2436, 1435
2437, 539
2438, 1239
2439, 631
2440, 1436
2441, 637
2442, 1234
2443, 835
2444, 1137
2445, 735
2446, 933
2447, 1232
2448, 1037
2449, 1233
2450, 739
2451, 1338
2452, 534
2453, 1337
2454, 538
2455, 1731
2456, 633
2457, 1533
2458, 731
2459, 1231
2460, 636
2461, 1237
2462, 934
2463, 1138
2464, 836
2465, 1232
2466, 931
2467, 930
2468, 937
2469, 932
2470, 1430
2471, 731
2472, 1439
2473, 637
2474, 1239
2475, 538
2476, 1637
2477, 639
2478, 1338
2479, 736
2480, 1438
2481, 1032
2482, 1237
2483, 1030
2484, 1430
2485, 1037
2486, 1537
2487, 1231
2488, 1537
2489, 1335
2490, 1439
2491, 1239
2492, 1437
2493, 1535
2494, 1434
2495, 1532
2496, 1538
2497, 1538
2498, 1733
2499, 1535
2500, 1731
2501, 1634
2502, 1536
2503, 1635
2504, 1535
2505, 1736
2506, 1533
2507, 1632
2508, 1534
2509, 1538
2510, 1330
2511, 1532
2512, 1435
2513, 1036
2514, 1237
2515, 736
2516, 1436
2517, 534
2518, 1333
2519, 538
2520, 1238
2521, 637
2522, 1530
2523, 830
2524, 1239
2525, 538
2526, 1234
2527, 738
2528, 1238
2529, 832
2530, 1136
2531, 1031
2532, 735
2533, 1138
2534, 739
2535, 1333
2536, 639
2537, 1530
2538, 732
2539, 1239
2540, 630
2541, 1238
2542, 932
2543, 1239
2544, 830
2545, 1337
2546, 632
2547, 1235
2548, 634
2549, 1435
2550, 735
2551, 1032
2552, 1131
2553, 837
2554, 1136
2555, 637
2556, 1539
2557, 834
2558, 1336
2559, 731
2560, 1430
2561, 531
2562, 1337
2563, 936
2564, 1439
2565, 634
2566, 1439
2567, 736
2568, 839
2569, 838
2570, 1438
2571, 1039
2572, 1336
2573, 1236
2574, 1236
2575, 1239
2576, 1433
2577, 1433
2578, 1535
2579, 1439
2580, 1534
2581, 1530
2582, 1534
2583, 1539
2584, 1635
2585, 1638
2586, 1634
2587, 1637
2588, 1632
2589, 1730
2590, 1632
2591, 1636
2592, 1434
2593, 1536
2594, 1432
2595, 1139
2596, 1037
2597, 1436
2598, 1436
2599, 636
2600, 1238
2601, 634
2602, 1434
2603, 734
2604, 1333
2605, 536
2606, 1238
2607, 1039
2608, 1337
2609, 638
2610, 1339
2611, 735
2612, 1132
2613, 830
2614, 1239
2615, 1137
2616, 837
2617, 1331
2618, 737
2619, 1134
2620, 634
2621, 1237
2622, 833
2623, 1337
2624, 739
2625, 1439
2626, 631
2627, 1330
2628, 632
2629, 1736
2630, 631
2631, 1333
2632, 831
2633, 1138
2634, 732
2635, 1036
2636, 1139
2637, 933
2638, 1230
2639, 831
2640, 1336
2641, 536
2642, 1334
2643, 536
2644, 1535
2645, 633
2646, 1535
2647, 734
2648, 1237
2649, 636
2650, 1235
2651, 831
2652, 1233
2653, 838
2654, 1330
2655, 839
2656, 937
2657, 935
2658, 937
2659, 1235
2660, 732
2661, 1438
2662, 637
2663, 1236
2664, 630
2665, 1332
2666, 1138
2667, 1234
2668, 1331
2669, 1434
2670, 1333
2671, 1437
2672, 1236
2673, 1532
2674, 1236
2675, 1635
2676, 1332
2677, 1532
2678, 1433
2679, 1536
2680, 1438
2681, 1537
2682, 1630
2683, 1538
2684, 1537
2685, 1630
2686, 1631
2687, 1831
2688, 1531
2689, 1630
2690, 1439
2691, 1332
2692, 1437
2693, 1235
2694, 1537
2695, 836
2696, 1136
2697, 939
2698, 1132
2699, 931
2700, 836
2701, 1039
2702, 832
2703, 1235
2704, 636
2705, 1436
2706, 730
2707, 1237
2708, 631
2709, 1338
2710, 736
2711, 1238
2712, 832
2713, 1336
2714, 632
2715, 1235
2716, 1037
2717, 1037
2718, 832
2719, 1138
2720, 1037
2721, 735
2722, 1139
2723, 633
2724, 1237
2725, 639
2726, 1533
2727, 734
2728, 1232
2729, 537
2730, 1239
2731, 838
2732, 1238
2733, 638
2734, 1436
2735, 734
2736, 1134
2737, 639
2738, 1538
2739, 931
2740, 1034
2741, 1132
2742, 836
2743, 1130
2744, 636
2745, 1234
2746, 736
2747, 1337
2748, 733
2749, 1530
2750, 531
2751, 1338
2752, 537
2753, 1639
2754, 637
2755, 1436
2756, 736
2757, 1237
2758, 730
2759, 1134
2760, 1038
2761, 934
2762, 1032
2763, 935
2764, 1238
2765, 537
2766, 1330
2767, 939
2768, 1436
2769, 1334
2770, 1339
2771, 1432
2772, 1336
2773, 1337
2774, 1531
2775, 1430
2776, 1436
2777, 1330
2778, 1339
2779, 1138
2780, 1439
2781, 1237
2782, 1338
2783, 1237
2784, 1536
2785, 1530
2786, 1534
2787, 1537
2788, 1536
2789, 1538
2790, 1631
2791, 1534
2792, 1331
2793, 1436
2794, 1137
2795, 1335
2796, 1032
2797, 1733
2798, 638
2799, 1339
2800, 834
2801, 1130
2802, 831
2803, 1030
2804, 1431
2805, 831
2806, 1334
2807, 739
2808, 1136
2809, 634
2810, 1235
2811, 738
2812, 1330
2813, 634
2814, 1531
2815, 634
2816, 1139
2817, 637
2818, 1733
2819, 737
2820, 1230
2821, 834
2822, 1230
2823, 634
2824, 939
2825, 1236
2826, 1133
2827, 1138
2828, 832
2829, 1339
2830, 536
2831, 1333
2832, 538
2833, 1635
2834, 631
2835, 1532
2836, 734
2837, 1335
2838, 635
2839, 1233
2840, 930
2841, 1136
2842, 838
2843, 1238
2844, 838
2845, 932
2846, 936
2847, 1133
2848, 1237
2849, 730
2850, 1436
2851, 732
2852, 1235
2853, 537
2854, 1334
2855, 1333
2856, 1330
2857, 1332
2858, 1436
2859, 1236
2860, 1530
2861, 1235
2862, 1339
2863, 1230
2864, 1536
2865, 1334
2866, 1632
2867, 1536
2868, 1635
2869, 1439
2870, 1630
2871, 1537
2872, 1631
2873, 1632
2874, 1636
2875, 1633
2876, 1535
2877, 1533
2878, 1532
2879, 1534
2880, 1432
2881, 1339
2882, 733
2883, 1231
2884, 835
2885, 1131
2886, 1030
2887, 1039
2888, 1031
2889, 739
2890, 1133
2891, 930
2892, 1337
2893, 635
2894, 1532
2895, 731
2896, 1232
2897, 631
2898, 1630
2899, 734
2900, 1239
2901, 832
2902, 1336
2903, 633
2904, 1235
2905, 638
2906, 1235
2907, 834
2908, 1138
2909, 1131
2910, 732
2911, 1137
2912, 635
2913, 1535
2914, 636
2915, 1432
2916, 734
2917, 1431
2918, 535
2919, 1332
2920, 739
2921, 1332
2922, 639
2923, 1432
2924, 731
2925, 1135
2926, 734
2927, 1130
2928, 839
2929, 937
2930, 1134
2931, 931
2932, 1037
2933, 633
2934, 1234
2935, 735
2936, 1431
2937, 732
2938, 1530
2939, 537
2940, 1334
2941, 1036
2942, 1537
2943, 1231
2944, 1532
2945, 1333
2946, 1535
2947, 1234
2948, 1636
2949, 1536
2950, 1632
2951, 1335
2952, 1533
2953, 1535
2954, 1633
2955, 1538
2956, 1732
2957, 1634
2958, 1536
2959, 1630
2960, 1630
2961, 1632
2962, 1632
2963, 1532
2964, 1431
2965, 1337
2966, 1430
2967, 1734
2968, 935
2969, 1038
2970, 836
2971, 1339
2972, 1131
2973, 738
2974, 1335
2975, 734
2976, 1136
2977, 634
2978, 1231
2979, 737
2980, 1333
2981, 739
2982, 1338
2983, 537
2984, 1233
2985, 632
2986, 1534
2987, 639
2988, 1332
2989, 837
2990, 1130
2991, 832
2992, 839
2993, 1331
2994, 931
2995, 1135
2996, 833
2997, 1238
2998, 635
2999, 1237
3000, 1030
3001, 1236
3002, 638
3003, 1430
3004, 830
3005, 1039
3006, 732
3007, 1132
3008, 934
3009, 1136
3010, 932
3011, 1136
3012, 739
3013, 931
3014, 938
3015, 1034
3016, 1233
3017, 732
3018, 1339
3019, 637
3020, 1133
3021, 634
3022, 1435
3023, 939
3024, 1235
3025, 833
3026, 1331
3027, 539
3028, 1138
3029, 637
3030, 1135
3031, 832
3032, 1236
3033, 938
3034, 834
3035, 1033
3036, 733
3037, 1432
3038, 638
3039, 1434
3040, 737
3041, 1334
3042, 538
3043, 1235
3044, 936
3045, 1235
3046, 638
3047, 1431
3048, 733
3049, 1131
3050, 731
3051, 1334
3052, 937
3053, 1035
3054, 1032
3055, 1033
3056, 1031
3057, 735
3058, 1133
3059, 838
3060, 1236
3061, 831
3062, 1431
3063, 633
3064, 1239
3065, 631
3066, 1432
3067, 834
3068, 1138
3069, 832
3070, 1239
