1, 736
2, 1230
3, 733
4, 1037
5, 834
6, 1035
7, 939
8, 738
9, 1237
10, 731
11, 1231
12, 636
13, 1432
14, 933
15, 1337
16, 839
17, 1331
18, 839
19, 1332
20, 837
21, 1132
22, 938
23, 933
24, 838
25, 1032
26, 1033
27, 833
28, 1034
29, 734
30, 1430
31, 730
32, 1231
33, 832
34, 1138
35, 731
36, 1136
37, 932
38, 1135
39, 737
40, 1137
41, 930
42, 1039
43, 833
44, 1031
45, 1030
46, 1031
47, 933
48, 839
49, 1231
50, 734
51, 1138
52, 738
53, 1331
54, 933
55, 1037
56, 830
57, 1232
58, 830
59, 1037
60, 831
61, 1231
62, 1131
63, 1031
64, 839
65, 1130
66, 839
67, 837
68, 1032
69, 839
70, 1434
71, 639
72, 1139
73, 832
74, 1135
75, 736
76, 1133
77, 737
78, 1436
79, 734
80, 1135
81, 838
82, 1130
83, 832
84, 1034
85, 937
86, 1237
87, 933
88, 932
89, 1139
90, 732
91, 1036
92, 734
93, 1337
94, 1038
95, 1130
96, 739
97, 1235
98, 739
99, 1035
100, 739
101, 1136
102, 1137
103, 1033
104, 838
105, 1131
106, 938
107, 932
108, 1031
109, 1037
110, 1237
111, 733
112, 1139
113, 831
114, 1134
115, 738
116, 1132
117, 1130
118, 1138
119, 732
120, 1134
121, 831
122, 1036
123, 830
124, 1034
125, 930
126, 1035
127, 930
128, 931
129, 1039
130, 733
131, 1134
132, 735
133, 1434
134, 831
135, 1130
136, 737
137, 1236
138, 732
139, 1132
140, 738
141, 1236
142, 837
143, 1033
144, 835
145, 1130
146, 839
147, 934
148, 939
149, 937
150, 1138
151, 730
152, 1139
153, 833
154, 1130
155, 732
156, 1134
157, 1032
158, 1232
159, 732
160, 1135
161, 835
162, 1034
163, 831
164, 1030
165, 933
166, 1031
167, 930
168, 932
169, 1138
170, 739
171, 1135
172, 734
173, 1432
174, 637
175, 1134
176, 830
177, 1231
178, 730
179, 1133
180, 736
181, 1337
182, 734
183, 1134
184, 836
185, 1034
186, 834
187, 932
188, 934
189, 833
190, 1039
191, 832
192, 1230
193, 737
194, 1039
195, 735
196, 1039
197, 832
198, 1038
199, 832
200, 1132
201, 837
202, 1030
203, 833
204, 1032
205, 1230
206, 932
207, 935
208, 932
209, 1036
210, 739
211, 1038
212, 737
213, 1433
214, 731
215, 1136
216, 833
217, 1232
218, 831
219, 1039
220, 735
221, 1234
222, 738
223, 1038
224, 838
225, 1038
226, 838
227, 936
228, 930
229, 1135
230, 1030
231, 832
232, 1133
233, 837
234, 1033
235, 738
236, 1033
237, 936
238, 1032
239, 836
240, 1038
241, 832
242, 1036
243, 835
244, 1030
245, 939
246, 938
247, 1433
248, 1430
249, 1336
250, 438
251, 1132
252, 1531
253, 1530
254, 1333
255, 1431
256, 1431
257, 1438
258, 1536
259, 1535
260, 1437
261, 1032
262, 838
263, 1038
264, 1435
265, 634
266, 1535
267, 1539
268, 1439
269, 1536
270, 1330
271, 1432
272, 1434
273, 1131
274, 1238
275, 1236
276, 1136
277, 1033
278, 1030
279, 831
280, 1133
281, 831
282, 939
283, 831
284, 1033
285, 939
286, 938
287, 938
288, 932
289, 1133
290, 731
291, 1135
292, 732
293, 1239
294, 636
295, 1133
296, 737
297, 1137
298, 734
299, 1039
300, 736
301, 1233
302, 738
303, 1033
304, 839
305, 1032
306, 833
307, 934
308, 931
309, 932
310, 1030
311, 836
312, 1037
313, 930
314, 1033
315, 832
316, 1032
317, 830
318, 1035
319, 836
320, 1132
321, 831
322, 1035
323, 739
324, 1238
325, 838
326, 934
327, 937
328, 935
329, 1036
330, 639
331, 1135
332, 1031
333, 1437
334, 636
335, 1232
336, 739
337, 1138
338, 636
339, 1134
340, 1036
341, 1131
342, 734
343, 1137
344, 836
345, 1039
346, 831
347, 1331
348, 1233
349, 1238
350, 1339
351, 1230
352, 1232
353, 1236
354, 1333
355, 1433
356, 1631
357, 1335
358, 1030
359, 1236
360, 1435
361, 1232
362, 1334
363, 1336
364, 1232
365, 831
366, 335
367, 1335
368, 1433
369, 1331
370, 1432
371, 1432
372, 1330
373, 1335
374, 1334
375, 1335
376, 1234
377, 1237
378, 933
379, 1234
380, 1032
381, 1231
382, 735
383, 1135
384, 931
385, 1031
386, 931
387, 933
388, 1233
389, 839
390, 1034
391, 738
392, 1236
393, 730
394, 1138
395, 733
396, 1630
397, 639
398, 1130
399, 831
400, 1134
401, 731
402, 1037
403, 737
404, 1233
405, 932
406, 933
407, 939
408, 937
409, 933
410, 733
411, 1134
412, 831
413, 1038
414, 730
415, 1233
416, 739
417, 1130
418, 736
419, 1039
420, 835
421, 1034
422, 832
423, 1134
424, 835
425, 936
426, 839
427, 838
428, 1335
429, 735
430, 1230
431, 738
432, 1138
433, 636
434, 1138
435, 639
436, 1234
437, 730
438, 1231
439, 739
440, 1132
441, 730
442, 1133
443, 735
444, 1338
445, 738
446, 1036
447, 1030
448, 934
449, 1030
450, 733
451, 1132
452, 937
453, 1135
454, 736
455, 1237
456, 639
457, 1132
458, 733
459, 1138
460, 936
461, 1034
462, 831
463, 1134
464, 634
465, 932
466, 833
467, 1137
468, 1135
469, 838
470, 736
471, 1134
472, 1238
473, 1237
474, 1232
475, 1236
476, 1239
477, 1235
478, 1233
479, 1230
480, 1233
481, 1136
482, 1338
483, 1135
484, 1130
485, 1030
486, 938
487, 833
488, 1430
489, 1339
490, 1335
491, 1337
492, 1633
493, 1332
494, 1237
495, 1332
496, 1338
497, 1032
498, 1039
499, 1434
500, 1331
501, 1132
502, 738
503, 1137
504, 836
505, 937
506, 931
507, 839
508, 1030
509, 737
510, 1131
511, 739
512, 1131
513, 637
514, 1137
515, 731
516, 1333
517, 639
518, 1133
519, 833
520, 1135
521, 734
522, 1039
523, 737
524, 1137
525, 739
526, 1031
527, 1031
528, 837
529, 1036
530, 734
531, 1133
532, 738
533, 1135
534, 731
535, 1235
536, 738
537, 1138
538, 737
539, 1037
540, 936
541, 1037
542, 834
543, 1135
544, 931
545, 934
546, 932
547, 1233
548, 1337
549, 732
550, 1230
551, 830
552, 1230
553, 636
554, 1230
555, 639
556, 1333
557, 731
558, 1230
559, 831
560, 1138
561, 733
562, 1035
563, 737
564, 1037
565, 836
566, 938
567, 1039
568, 834
569, 1039
570, 731
571, 1236
572, 830
573, 1135
574, 735
575, 1330
576, 733
577, 1131
578, 733
579, 1431
580, 1038
581, 1038
582, 833
583, 1230
584, 831
585, 939
586, 1031
587, 1134
588, 1230
589, 637
590, 1330
591, 735
592, 1137
593, 635
594, 1237
595, 1034
596, 1034
597, 737
598, 1232
599, 838
600, 1132
601, 937
602, 1535
603, 1135
604, 1734
605, 1237
606, 1433
607, 1233
608, 1133
609, 1234
610, 1337
611, 1435
612, 30
613, 1139
614, 1130
615, 30
616, 30
617, 1337
618, 1333
619, 1232
620, 1336
621, 1435
622, 1235
623, 1430
624, 1231
625, 1337
626, 1038
627, 1031
628, 1230
629, 636
630, 1330
631, 735
632, 1230
633, 732
634, 1135
635, 930
636, 1034
637, 736
638, 1138
639, 835
640, 1036
641, 832
642, 939
643, 837
644, 839
645, 936
646, 837
647, 1136
648, 734
649, 1137
650, 730
651, 1333
652, 638
653, 1134
654, 830
655, 1138
656, 733
657, 1130
658, 1030
659, 1432
660, 736
661, 1131
662, 931
663, 1031
664, 839
665, 834
666, 1037
667, 1034
668, 1130
669, 830
670, 1237
671, 738
672, 1136
673, 733
674, 1130
675, 930
676, 1131
677, 830
678, 1232
679, 833
680, 1032
681, 834
682, 1132
683, 1135
684, 830
685, 1134
686, 831
687, 1138
688, 636
689, 1234
690, 839
691, 1334
692, 634
693, 1235
694, 737
695, 1234
696, 732
697, 1135
698, 732
699, 1230
700, 739
701, 1131
702, 1031
703, 934
704, 1132
705, 733
706, 1434
707, 830
708, 1238
709, 634
710, 1434
711, 630
712, 1333
713, 635
714, 1634
715, 937
716, 1137
717, 1130
718, 1439
719, 1134
720, 1532
721, 1330
722, 1638
723, 1236
724, 1237
725, 1137
726, 1330
727, 1336
728, 1334
729, 1332
730, 1434
731, 1036
732, 1035
733, 1239
734, 1239
735, 1339
736, 1339
737, 1435
738, 1137
739, 1339
740, 1238
741, 1335
742, 1233
743, 1439
744, 1433
745, 732
746, 1437
747, 738
748, 1232
749, 733
750, 1237
751, 639
752, 1138
753, 730
754, 1536
755, 732
756, 1130
757, 835
758, 1038
759, 832
760, 1030
761, 933
762, 1233
763, 1033
764, 734
765, 1230
766, 738
767, 1236
768, 735
769, 1133
770, 937
771, 1036
772, 738
773, 1137
774, 832
775, 1030
776, 738
777, 1034
778, 1032
779, 938
780, 936
781, 933
782, 1037
783, 735
784, 1135
785, 732
786, 1238
787, 639
788, 1138
789, 739
790, 1230
791, 730
792, 1134
793, 735
794, 1339
795, 733
796, 1130
797, 838
798, 1037
799, 832
800, 932
801, 1136
802, 934
803, 1038
804, 739
805, 1238
806, 737
807, 1139
808, 734
809, 1332
810, 934
811, 1038
812, 833
813, 1230
814, 731
815, 1035
816, 832
817, 1233
818, 736
819, 930
820, 1031
821, 934
822, 1034
823, 734
824, 1133
825, 1131
826, 1135
827, 730
828, 1138
829, 835
830, 1137
831, 736
832, 1039
833, 1037
834, 1430
835, 735
836, 1037
837, 935
838, 1031
839, 935
840, 835
841, 1135
842, 931
843, 1131
844, 737
845, 1237
846, 830
847, 1230
848, 733
849, 1531
850, 835
851, 1131
852, 739
853, 1234
854, 732
855, 1037
856, 834
857, 1139
858, 1032
859, 833
860, 1134
861, 832
862, 1234
863, 633
864, 1235
865, 830
866, 1431
867, 632
868, 1330
869, 736
870, 1236
871, 734
872, 1232
873, 939
874, 1430
875, 1032
876, 1437
877, 1137
878, 1339
879, 1233
880, 1336
881, 1235
882, 1437
883, 1234
884, 1338
885, 1431
886, 1237
887, 1135
888, 733
889, 839
890, 1038
891, 1431
892, 1233
893, 1433
894, 1039
895, 1231
896, 732
897, 1435
898, 1237
899, 1239
900, 1135
901, 1237
902, 1338
903, 637
904, 1333
905, 737
906, 1332
907, 636
908, 1235
909, 833
910, 1133
911, 735
912, 1132
913, 937
914, 1134
915, 739
916, 1033
917, 939
918, 831
919, 1038
920, 731
921, 1330
922, 733
923, 1135
924, 735
925, 1232
926, 730
927, 1138
928, 731
929, 1339
930, 732
931, 1134
932, 831
933, 1135
934, 738
935, 1032
936, 839
937, 938
938, 1031
939, 737
940, 1230
941, 739
942, 1132
943, 730
944, 1131
945, 1031
946, 1130
947, 738
948, 1234
949, 738
950, 1039
951, 737
952, 1238
953, 830
954, 939
955, 937
956, 935
957, 1035
958, 732
959, 1135
960, 637
961, 1439
962, 634
963, 1239
964, 737
965, 1232
966, 636
967, 1231
968, 930
969, 1231
970, 731
971, 1232
972, 837
973, 1035
974, 837
975, 936
976, 1235
977, 937
978, 1134
979, 733
980, 1338
981, 635
982, 1330
983, 635
984, 1436
985, 832
986, 1230
987, 734
988, 1239
989, 731
990, 1231
991, 737
992, 931
993, 930
994, 1339
995, 1139
996, 1438
997, 1230
998, 1339
999, 1436
1000, 1633
1001, 737
1002, 1230
1003, 1335
1004, 1336
1005, 30
1006, 539
1007, 1033
1008, 633
1009, 1135
1010, 1237
1011, 1530
1012, 1335
1013, 1435
1014, 1234
1015, 1336
1016, 1436
1017, 1139
1018, 1136
1019, 1237
1020, 1234
1021, 1135
1022, 1439
1023, 638
1024, 1433
1025, 830
1026, 1135
1027, 832
1028, 1236
1029, 731
1030, 1132
1031, 830
1032, 1138
1033, 935
1034, 834
1035, 1034
1036, 836
1037, 1033
1038, 732
1039, 1131
1040, 938
1041, 1036
1042, 731
1043, 1230
1044, 834
1045, 1130
1046, 739
1047, 1130
1048, 839
1049, 939
1050, 738
1051, 1037
1052, 835
1053, 838
1054, 938
1055, 831
1056, 1238
1057, 830
1058, 1039
1059, 738
1060, 1138
1061, 630
1062, 1136
1063, 639
1064, 1332
1065, 832
1066, 1039
1067, 738
1068, 1138
1069, 639
1070, 1034
1071, 738
1072, 1136
1073, 1034
1074, 736
1075, 1139
1076, 830
1077, 1135
1078, 638
1079, 1234
1080, 735
1081, 1330
1082, 635
1083, 1238
1084, 536
1085, 1132
1086, 539
1087, 1032
1088, 1231
1089, 1337
1090, 1039
1091, 1438
1092, 1332
1093, 1531
1094, 1232
1095, 1338
1096, 1138
1097, 1136
1098, 1230
1099, 1236
1100, 836
1101, 730
1102, 237
1103, 30
1104, 835
1105, 637
1106, 338
1107, 438
1108, 139
1109, 1331
1110, 1433
1111, 1237
1112, 1237
1113, 1239
1114, 1239
1115, 1339
1116, 1238
1117, 1238
1118, 936
1119, 1337
1120, 930
1121, 1331
1122, 635
1123, 1233
1124, 834
1125, 1132
1126, 737
1127, 1130
1128, 839
1129, 1232
1130, 834
1131, 1031
1132, 1134
1133, 736
1134, 1139
1135, 733
1136, 1438
1137, 638
1138, 1137
1139, 735
1140, 1237
1141, 639
1142, 1135
1143, 737
1144, 1336
1145, 834
1146, 1033
1147, 833
1148, 1136
1149, 833
1150, 937
1151, 939
1152, 1232
1153, 930
1154, 733
1155, 1234
1156, 830
1157, 1134
1158, 731
1159, 1137
1160, 733
1161, 1531
1162, 639
1163, 1231
1164, 835
1165, 1130
1166, 736
1167, 1036
1168, 934
1169, 1037
1170, 930
1171, 839
1172, 1233
1173, 637
1174, 1230
1175, 638
1176, 1334
1177, 737
1178, 1136
1179, 731
1180, 1235
1181, 637
1182, 1137
1183, 730
1184, 1137
1185, 734
1186, 1039
1187, 834
1188, 1130
1189, 838
1190, 839
1191, 1232
1192, 1438
1193, 1137
1194, 1231
1195, 1139
1196, 1237
1197, 1339
1198, 1436
1199, 1433
1200, 1436
1201, 1138
1202, 733
1203, 1337
1204, 1336
1205, 1437
1206, 1134
1207, 1339
1208, 635
1209, 1239
1210, 1138
1211, 1036
1212, 934
1213, 832
1214, 1334
1215, 1439
1216, 1434
1217, 1438
1218, 1432
1219, 1238
1220, 1330
1221, 1232
1222, 1234
1223, 1136
1224, 1338
1225, 1238
1226, 1730
1227, 1036
1228, 1038
1229, 1033
1230, 833
1231, 1137
1232, 635
1233, 1136
1234, 733
1235, 1332
1236, 638
1237, 1132
1238, 638
1239, 1339
1240, 836
1241, 1039
1242, 738
1243, 1235
1244, 831
1245, 1030
1246, 834
1247, 1239
1248, 1137
1249, 739
1250, 1136
1251, 831
1252, 1139
1253, 731
1254, 1232
1255, 835
1256, 1332
1257, 638
1258, 1231
1259, 833
1260, 1135
1261, 739
1262, 1132
1263, 836
1264, 938
1265, 739
1266, 1038
1267, 1035
1268, 836
1269, 1039
1270, 733
1271, 1335
1272, 731
1273, 1137
1274, 733
1275, 1334
1276, 637
1277, 1139
1278, 638
1279, 1433
1280, 736
1281, 1133
1282, 831
1283, 1231
1284, 737
1285, 1034
1286, 931
1287, 1138
1288, 1133
1289, 639
1290, 1233
1291, 830
1292, 1232
1293, 639
1294, 1232
1295, 833
1296, 1030
1297, 732
1298, 1237
1299, 832
1300, 1135
1301, 738
1302, 234
1303, 30
1304, 30
1305, 938
1306, 137
1307, 30
1308, 38
1309, 234
1310, 31
1311, 1431
1312, 931
1313, 1238
1314, 1138
1315, 1037
1316, 30
1317, 733
1318, 434
1319, 134
1320, 1137
1321, 1433
1322, 1335
1323, 1432
1324, 1131
1325, 1338
1326, 1333
1327, 1632
1328, 1332
1329, 1239
1330, 1336
1331, 1432
1332, 230
1333, 630
1334, 1233
1335, 736
1336, 1133
1337, 733
1338, 1230
1339, 832
1340, 1037
1341, 738
1342, 1033
1343, 1031
1344, 934
1345, 934
1346, 932
1347, 1131
1348, 731
1349, 1134
1350, 639
1351, 1533
1352, 830
1353, 1133
1354, 733
1355, 1235
1356, 639
1357, 1133
1358, 733
1359, 1237
1360, 638
1361, 1039
1362, 836
1363, 1038
1364, 837
1365, 837
1366, 1032
1367, 936
1368, 1131
1369, 734
1370, 1233
1371, 734
1372, 1138
1373, 639
1374, 1133
1375, 1032
1376, 1039
1377, 831
1378, 1231
1379, 835
1380, 1033
1381, 832
1382, 1238
1383, 831
1384, 838
1385, 1038
1386, 1038
1387, 1338
1388, 936
1389, 1236
1390, 836
1391, 1239
1392, 737
1393, 1237
1394, 931
1395, 1331
1396, 830
1397, 1131
1398, 835
1399, 1334
1400, 738
1401, 1038
1402, 936
1403, 935
1404, 936
1405, 838
1406, 1333
1407, 837
1408, 1038
1409, 739
1410, 1235
1411, 736
1412, 1331
1413, 637
1414, 1434
1415, 738
1416, 1135
1417, 736
1418, 1331
1419, 637
1420, 1134
1421, 739
1422, 1334
1423, 1034
1424, 832
1425, 1137
1426, 738
1427, 1138
1428, 634
1429, 1236
1430, 831
1431, 1232
1432, 631
1433, 1331
1434, 733
1435, 1232
1436, 734
1437, 1231
1438, 831
