1, 938
2, 932
3, 1133
4, 933
5, 1032
6, 933
7, 1035
8, 839
9, 1034
10, 837
11, 1133
12, 838
13, 1036
14, 839
15, 1131
16, 839
17, 1035
18, 836
19, 1035
20, 935
21, 936
22, 1032
23, 935
24, 938
25, 932
26, 1035
27, 936
28, 1031
29, 931
30, 1038
31, 932
32, 1036
33, 839
34, 1033
35, 1034
36, 1038
37, 936
38, 937
39, 1030
40, 931
41, 1037
42, 839
43, 1039
44, 636
45, 1131
46, 838
47, 1130
48, 732
49, 1139
50, 1130
51, 1230
52, 732
53, 1138
54, 836
55, 939
56, 838
57, 935
58, 936
59, 937
60, 939
61, 931
62, 1131
63, 735
64, 1037
65, 736
66, 1037
67, 733
68, 1030
69, 836
70, 1035
71, 832
72, 1031
73, 739
74, 1238
75, 830
76, 935
77, 935
78, 939
79, 933
80, 837
81, 936
82, 839
83, 1031
84, 931
85, 1134
86, 932
87, 939
88, 835
89, 1339
90, 1035
91, 937
92, 839
93, 1035
94, 837
95, 932
96, 836
97, 930
98, 1137
99, 834
100, 1033
101, 935
102, 1034
103, 836
104, 1033
105, 939
106, 1037
107, 830
108, 1037
109, 937
110, 1030
111, 839
112, 1030
113, 1134
114, 1034
115, 834
116, 1033
117, 1033
118, 932
119, 932
120, 836
121, 1134
122, 935
123, 936
124, 837
125, 1131
126, 833
127, 1032
128, 831
129, 1238
130, 930
131, 935
132, 837
133, 1134
134, 739
135, 939
136, 836
137, 1039
138, 832
139, 839
140, 1032
141, 934
142, 932
143, 835
144, 937
145, 938
146, 934
147, 838
148, 1033
149, 930
150, 936
151, 836
152, 935
153, 836
154, 936
155, 836
156, 1031
157, 933
158, 838
159, 933
160, 834
161, 1031
162, 835
163, 1037
164, 930
165, 1037
166, 831
167, 1032
168, 738
169, 1237
170, 834
171, 1035
172, 932
173, 835
174, 1135
175, 1438
176, 1332
177, 1339
178, 635
179, 1036
180, 1339
181, 1134
182, 1337
183, 1331
184, 1632
185, 1339
186, 1330
187, 1039
188, 1136
189, 1430
190, 1233
191, 1330
192, 1739
193, 831
194, 1136
195, 1137
196, 1437
197, 933
198, 936
199, 934
200, 1131
201, 1034
202, 831
203, 1036
204, 931
205, 1037
206, 931
207, 1038
208, 932
209, 1035
210, 931
211, 1033
212, 932
213, 1034
214, 933
215, 1033
216, 934
217, 938
218, 938
219, 935
220, 1033
221, 839
222, 1035
223, 930
224, 1036
225, 930
226, 1036
227, 931
228, 1035
229, 932
230, 1032
231, 933
232, 1032
233, 932
234, 1033
235, 933
236, 1031
237, 935
238, 938
239, 1030
240, 933
241, 1034
242, 930
243, 1036
244, 930
245, 1036
246, 930
247, 1038
248, 931
249, 1035
250, 932
251, 1033
252, 932
253, 1138
254, 936
255, 1532
256, 939
257, 1532
258, 1337
259, 1039
260, 1234
261, 932
262, 1430
263, 1830
264, 1538
265, 1436
266, 1534
267, 1431
268, 931
269, 1332
270, 1338
271, 1435
272, 1433
273, 1236
274, 1433
275, 1434
276, 1332
277, 938
278, 1433
279, 1236
280, 1130
281, 931
282, 933
283, 1038
284, 833
285, 1032
286, 834
287, 1439
288, 1033
289, 931
290, 931
291, 1131
292, 830
293, 939
294, 837
295, 1036
296, 938
297, 932
298, 934
299, 1035
300, 836
301, 838
302, 938
303, 1131
304, 932
305, 833
306, 1035
307, 937
308, 938
309, 839
310, 938
311, 1034
312, 1030
313, 833
314, 1032
315, 936
316, 937
317, 930
318, 935
319, 1133
320, 933
321, 933
322, 933
323, 1130
324, 832
325, 938
326, 833
327, 1334
328, 932
329, 934
330, 931
331, 1039
332, 834
333, 1030
334, 834
335, 1136
336, 934
337, 1238
338, 938
339, 1430
340, 1430
341, 1534
342, 1435
343, 1433
344, 939
345, 1239
346, 1431
347, 1336
348, 1336
349, 1233
350, 1336
351, 1430
352, 1332
353, 1235
354, 1337
355, 1434
356, 1435
357, 1135
358, 1432
359, 1538
360, 1237
361, 1338
362, 1337
363, 1236
364, 1238
365, 1130
366, 836
367, 1332
368, 831
369, 1035
370, 931
371, 1036
372, 835
373, 1031
374, 739
375, 1136
376, 833
377, 1034
378, 937
379, 935
380, 933
381, 932
382, 1131
383, 1031
384, 933
385, 930
386, 1132
387, 739
388, 934
389, 834
390, 1137
391, 936
392, 933
393, 932
394, 1038
395, 831
396, 939
397, 837
398, 1234
399, 1035
400, 837
401, 937
402, 1030
403, 931
404, 837
405, 935
406, 1130
407, 932
408, 832
409, 1033
410, 837
411, 936
412, 836
413, 936
414, 839
415, 1039
416, 833
417, 1031
418, 838
419, 836
420, 930
421, 838
422, 1239
423, 830
424, 935
425, 932
426, 1032
427, 831
428, 938
429, 832
430, 1233
431, 832
432, 1033
433, 932
434, 937
435, 1034
436, 1232
437, 1536
438, 1531
439, 1035
440, 1039
441, 1331
442, 1634
443, 1435
444, 1137
445, 1732
446, 1632
447, 1536
448, 1538
449, 1230
450, 1433
451, 1438
452, 1433
453, 1439
454, 1434
455, 1331
456, 1435
457, 1537
458, 1534
459, 1436
460, 933
461, 1232
462, 1131
463, 1230
464, 1132
465, 1032
466, 934
467, 838
468, 1032
469, 1033
470, 1132
471, 838
472, 1034
473, 930
474, 1033
475, 932
476, 1033
477, 933
478, 1033
479, 934
480, 1030
481, 935
482, 936
483, 938
484, 933
485, 1034
486, 931
487, 1037
488, 931
489, 1036
490, 930
491, 1037
492, 931
493, 1032
494, 930
495, 1034
496, 931
497, 1034
498, 931
499, 1031
500, 935
501, 1030
502, 938
503, 936
504, 1032
505, 931
506, 1032
507, 931
508, 1035
509, 931
510, 1037
511, 931
512, 1035
513, 932
514, 1033
515, 932
516, 1033
517, 934
518, 1031
519, 932
520, 1034
521, 935
522, 939
523, 939
524, 934
525, 1031
526, 931
527, 1130
528, 1135
529, 1531
530, 1632
531, 1636
532, 1733
533, 1435
534, 1031
535, 1133
536, 1438
537, 1537
538, 1533
539, 1333
540, 1832
541, 1634
542, 1239
543, 1036
544, 1436
545, 1530
546, 1330
547, 1332
548, 1530
549, 1238
550, 1230
551, 1531
552, 1432
553, 1431
554, 1333
555, 1132
556, 939
557, 1139
558, 1331
559, 1033
560, 1039
561, 833
562, 938
563, 838
564, 935
565, 939
566, 933
567, 1130
568, 932
569, 1035
570, 931
571, 1035
572, 930
573, 1036
574, 931
575, 1033
576, 933
577, 1032
578, 933
579, 1031
580, 935
581, 939
582, 934
583, 1030
584, 937
585, 937
586, 1031
587, 932
588, 1036
589, 930
590, 1034
591, 930
592, 1035
593, 931
594, 1036
595, 931
596, 1034
597, 931
598, 1032
599, 932
600, 1032
601, 932
602, 1030
603, 936
604, 1032
605, 938
606, 937
607, 1033
608, 839
609, 1033
610, 932
611, 1036
612, 932
613, 1035
614, 932
615, 1035
616, 932
617, 1034
618, 931
619, 1032
620, 933
621, 1035
622, 933
623, 1033
624, 933
625, 939
626, 938
627, 934
628, 1232
629, 834
630, 1338
631, 1731
632, 1532
633, 1438
634, 1038
635, 1032
636, 1330
637, 1336
638, 1638
639, 1239
640, 1239
641, 1435
642, 1534
643, 1537
644, 1239
645, 1133
646, 1339
647, 1332
648, 1138
649, 1139
650, 1233
651, 1337
652, 1232
653, 1338
654, 1335
655, 1431
656, 1130
657, 934
658, 733
659, 1133
660, 1231
661, 1231
662, 936
663, 1033
664, 937
665, 939
666, 938
667, 937
668, 1032
669, 931
670, 1034
671, 931
672, 1034
673, 932
674, 1033
675, 930
676, 1034
677, 932
678, 1034
679, 932
680, 1033
681, 931
682, 1033
683, 934
684, 1030
685, 934
686, 1030
687, 937
688, 935
689, 1032
690, 932
691, 1035
692, 930
693, 1036
694, 931
695, 1035
696, 930
697, 1035
698, 934
699, 1033
700, 933
701, 1033
702, 934
703, 1031
704, 933
705, 938
706, 934
707, 937
708, 937
709, 934
710, 1033
711, 932
712, 1037
713, 930
714, 1038
715, 930
716, 1035
717, 930
718, 1034
719, 931
720, 1033
721, 932
722, 1031
723, 934
724, 1031
725, 935
726, 1030
727, 936
728, 935
729, 1030
730, 933
731, 1032
732, 931
733, 1339
734, 1136
735, 1439
736, 1631
737, 1536
738, 1336
739, 1034
740, 1238
741, 1533
742, 1430
743, 1431
744, 1337
745, 1337
746, 1431
747, 1432
748, 1533
749, 1439
750, 1035
751, 1238
752, 1337
753, 1339
754, 1339
755, 1038
756, 1131
757, 1438
758, 1434
759, 1338
760, 1238
761, 1337
762, 1337
763, 1133
764, 1135
765, 1030
766, 1031
767, 933
768, 938
769, 1030
770, 935
771, 1032
772, 932
773, 1035
774, 930
775, 1036
776, 931
777, 1038
778, 930
779, 1032
780, 932
781, 1034
782, 934
783, 1033
784, 931
785, 1032
786, 934
787, 1031
788, 936
789, 937
790, 939
791, 932
792, 1033
793, 933
794, 1034
795, 839
796, 1036
797, 931
798, 1035
799, 932
800, 1034
801, 931
802, 1032
803, 933
804, 1033
805, 933
806, 1030
807, 935
808, 1030
809, 937
810, 935
811, 1031
812, 932
813, 1035
814, 932
815, 1037
816, 931
817, 1039
818, 932
819, 1034
820, 932
821, 1034
822, 932
823, 1034
824, 932
825, 1032
826, 931
827, 939
828, 936
829, 937
830, 939
831, 1338
832, 1034
833, 1031
834, 1431
835, 1537
836, 1538
837, 1337
838, 937
839, 1030
840, 1434
841, 1533
842, 1433
843, 1334
844, 1433
845, 1432
846, 1532
847, 1530
848, 1436
849, 934
850, 1137
851, 1533
852, 1530
853, 1431
854, 1336
855, 1032
856, 1333
857, 1238
858, 1530
859, 1438
860, 1435
861, 1034
862, 1032
863, 1433
864, 1437
865, 1035
866, 833
867, 939
868, 935
869, 1030
870, 936
871, 936
872, 1033
873, 934
874, 1033
875, 930
876, 1038
877, 931
878, 1038
879, 931
880, 1039
881, 930
882, 1033
883, 931
884, 1034
885, 931
886, 1032
887, 933
888, 1032
889, 935
890, 939
891, 939
892, 935
893, 1031
894, 932
895, 1035
896, 931
897, 1037
898, 839
899, 1036
900, 930
901, 1036
902, 931
903, 1034
904, 934
905, 1033
906, 933
907, 1033
908, 936
909, 1030
910, 937
911, 937
912, 1030
913, 932
914, 1033
915, 932
916, 1034
917, 932
918, 1036
919, 930
920, 1037
921, 931
922, 1035
923, 932
924, 1033
925, 931
926, 1033
927, 1230
928, 1134
929, 1336
930, 1531
931, 1439
932, 1631
933, 1038
934, 1038
935, 1136
936, 1335
937, 1533
938, 1532
939, 1438
940, 1538
941, 1630
942, 1631
943, 1631
944, 1539
945, 935
946, 1034
947, 1533
948, 1430
949, 1433
950, 1239
951, 1430
952, 1333
953, 1235
954, 1438
955, 1439
956, 1430
957, 1034
958, 1038
959, 635
960, 1432
961, 1233
962, 1039
963, 931
964, 1036
965, 934
966, 1034
967, 934
968, 1031
969, 933
970, 1030
971, 934
972, 936
973, 1030
974, 936
975, 1034
976, 933
977, 1035
978, 931
979, 1036
980, 931
981, 1035
982, 931
983, 1036
984, 932
985, 1033
986, 935
987, 1035
988, 932
989, 1033
990, 934
991, 1031
992, 936
993, 937
994, 938
995, 932
996, 1033
997, 932
998, 1033
999, 839
1000, 1035
1001, 839
1002, 1035
1003, 931
1004, 1034
1005, 930
1006, 1034
1007, 935
1008, 1032
1009, 932
1010, 1031
1011, 935
1012, 939
1013, 936
1014, 935
1015, 1031
1016, 931
1017, 1033
1018, 931
1019, 1035
1020, 931
1021, 1035
1022, 931
1023, 1035
1024, 932
1025, 1034
1026, 933
1027, 1035
1028, 932
1029, 1032
1030, 935
1031, 1135
1032, 1134
1033, 1433
1034, 1438
1035, 1538
1036, 1436
1037, 1235
1038, 1236
1039, 1837
1040, 1437
1041, 1630
1042, 1533
1043, 1531
1044, 1532
1045, 1538
1046, 1631
1047, 1632
1048, 1339
1049, 1532
1050, 1536
1051, 1435
1052, 1334
1053, 1137
1054, 936
1055, 1639
1056, 1537
1057, 1632
1058, 1436
1059, 30
1060, 30
1061, 30
1062, 30
1063, 30
1064, 1031
1065, 1037
1066, 1030
1067, 939
1068, 1035
1069, 1030
1070, 935
1071, 1031
1072, 932
1073, 1030
1074, 938
1075, 937
1076, 1031
1077, 931
1078, 1033
1079, 931
1080, 1036
1081, 930
1082, 1037
1083, 931
1084, 1038
1085, 931
1086, 1034
1087, 933
1088, 1034
1089, 933
1090, 1033
1091, 932
1092, 939
1093, 934
1094, 939
1095, 937
1096, 937
1097, 1033
1098, 932
1099, 1034
1100, 930
1101, 1033
1102, 932
1103, 1033
1104, 931
1105, 1034
1106, 931
1107, 1032
1108, 933
1109, 1033
1110, 932
1111, 1032
1112, 933
1113, 939
1114, 936
1115, 936
1116, 939
1117, 1134
1118, 1139
1119, 1230
1120, 1432
1121, 1537
1122, 1539
1123, 1330
1124, 938
1125, 936
1126, 1431
1127, 1335
1128, 1531
1129, 1339
1130, 1439
1131, 1631
1132, 1631
1133, 1436
1134, 1234
1135, 938
1136, 1537
1137, 1533
1138, 1332
1139, 1331
1140, 1239
1141, 1136
1142, 1237
1143, 1339
1144, 1534
1145, 1339
1146, 1233
1147, 934
1148, 937
1149, 1438
1150, 1336
1151, 935
1152, 932
1153, 1032
1154, 934
1155, 1131
1156, 939
1157, 938
1158, 1035
1159, 938
1160, 1033
1161, 930
1162, 1038
1163, 931
1164, 1035
1165, 930
1166, 1034
1167, 931
1168, 1035
1169, 933
1170, 1033
1171, 931
1172, 1032
1173, 933
1174, 1033
1175, 934
1176, 938
1177, 938
1178, 935
1179, 1032
1180, 931
1181, 1034
1182, 932
1183, 1036
1184, 930
1185, 1036
1186, 931
1187, 1036
1188, 932
1189, 1034
1190, 932
1191, 1034
1192, 935
1193, 1033
1194, 932
1195, 1030
1196, 936
1197, 938
1198, 1032
1199, 932
1200, 1033
1201, 931
1202, 1035
1203, 932
1204, 1037
1205, 839
1206, 1039
1207, 930
1208, 1133
1209, 839
1210, 1131
1211, 931
1212, 1130
1213, 839
1214, 1039
1215, 931
1216, 1034
1217, 1033
1218, 938
1219, 1130
1220, 930
1221, 1137
1222, 839
1223, 1137
1224, 930
1225, 1136
1226, 839
1227, 1135
1228, 838
1229, 1234
1230, 838
1231, 1235
1232, 837
1233, 1236
1234, 837
1235, 1137
1236, 935
1237, 1131
1238, 1034
1239, 1030
1240, 1233
1241, 934
1242, 1238
1243, 932
1244, 1334
1245, 931
1246, 1332
1247, 839
1248, 1235
1249, 838
1250, 1235
1251, 838
1252, 1233
1253, 833
1254, 1235
1255, 839
1256, 1138
1257, 934
1258, 1037
1259, 1132
