1, 930
2, 1131
3, 839
4, 1038
5, 839
6, 1037
7, 838
8, 1035
9, 930
10, 939
11, 939
12, 937
13, 1036
14, 931
15, 1039
16, 938
17, 1131
18, 930
19, 1133
20, 930
21, 1131
22, 838
23, 1130
24, 839
25, 1132
26, 837
27, 1039
28, 836
29, 1031
30, 930
31, 936
32, 1032
33, 933
34, 1037
35, 932
36, 1032
37, 931
38, 1039
39, 930
40, 1037
41, 931
42, 1038
43, 931
44, 1034
45, 931
46, 1033
47, 930
48, 1031
49, 934
50, 938
51, 937
52, 935
53, 1033
54, 931
55, 1038
56, 931
57, 1039
58, 930
59, 1036
60, 930
61, 1038
62, 931
63, 1035
64, 932
65, 1034
66, 932
67, 1033
68, 839
69, 1031
70, 933
71, 1030
72, 937
73, 936
74, 1032
75, 931
76, 1034
77, 930
78, 1037
79, 930
80, 1038
81, 839
82, 1036
83, 930
84, 1034
85, 931
86, 1033
87, 932
88, 1033
89, 933
90, 1032
91, 937
92, 939
93, 1031
94, 931
95, 1035
96, 931
97, 1037
98, 930
99, 1130
100, 930
101, 1131
102, 930
103, 1037
104, 931
105, 1036
106, 932
107, 1032
108, 930
109, 1033
110, 933
111, 1034
112, 937
113, 936
114, 1030
115, 932
116, 1034
117, 932
118, 1037
119, 931
120, 1037
121, 931
122, 1037
123, 930
124, 1033
125, 931
126, 1032
127, 934
128, 1035
129, 931
130, 1033
131, 933
132, 938
133, 938
134, 935
135, 1034
136, 932
137, 1033
138, 930
139, 1035
140, 930
141, 1037
142, 933
143, 1038
144, 930
145, 1037
146, 839
147, 1032
148, 931
149, 1033
150, 934
151, 1039
152, 932
153, 1033
154, 938
155, 932
156, 1033
157, 930
158, 1036
159, 938
160, 1034
161, 931
162, 1035
163, 931
164, 1034
165, 931
166, 1038
167, 938
168, 1036
169, 838
170, 1032
171, 932
172, 1031
173, 931
174, 1034
175, 1030
176, 938
177, 1030
178, 932
179, 1031
180, 931
181, 1031
182, 1031
183, 1034
184, 935
185, 1037
186, 931
187, 1032
188, 837
189, 1034
190, 934
191, 1038
192, 839
193, 838
194, 1035
195, 837
196, 1336
197, 1338
198, 1634
199, 1236
200, 1231
201, 1131
202, 1430
203, 1435
204, 1437
205, 1039
206, 1336
207, 1433
208, 1537
209, 1435
210, 1630
211, 1534
212, 1534
213, 1538
214, 1135
215, 835
216, 1134
217, 1230
218, 935
219, 1032
220, 837
221, 1136
222, 1130
223, 1032
224, 839
225, 1130
226, 839
227, 1032
228, 931
229, 1037
230, 933
231, 1037
232, 932
233, 939
234, 938
235, 934
236, 1032
237, 930
238, 1035
239, 930
240, 1036
241, 931
242, 1033
243, 930
244, 1036
245, 932
246, 1035
247, 933
248, 1034
249, 932
250, 1034
251, 936
252, 1030
253, 935
254, 939
255, 1031
256, 932
257, 1035
258, 932
259, 1036
260, 930
261, 1036
262, 931
263, 1036
264, 932
265, 1034
266, 933
267, 1033
268, 931
269, 1033
270, 930
271, 1032
272, 933
273, 939
274, 937
275, 935
276, 1033
277, 935
278, 1034
279, 933
280, 1037
281, 932
282, 1036
283, 930
284, 1036
285, 933
286, 1034
287, 931
288, 1033
289, 931
290, 1031
291, 934
292, 939
293, 933
294, 938
295, 1034
296, 1335
297, 1136
298, 938
299, 1233
300, 1834
301, 1634
302, 1532
303, 1635
304, 1439
305, 1031
306, 1236
307, 1437
308, 1831
309, 1439
310, 1432
311, 1533
312, 1433
313, 1438
314, 1539
315, 1539
316, 1439
317, 637
318, 838
319, 1134
320, 1133
321, 934
322, 1030
323, 1033
324, 1134
325, 1036
326, 1033
327, 933
328, 932
329, 835
330, 939
331, 936
332, 939
333, 937
334, 1032
335, 939
336, 934
337, 1034
338, 931
339, 1037
340, 932
341, 1036
342, 930
343, 1036
344, 932
345, 1034
346, 931
347, 1035
348, 933
349, 1034
350, 935
351, 1031
352, 935
353, 939
354, 938
355, 935
356, 1032
357, 934
358, 1034
359, 932
360, 1033
361, 930
362, 1035
363, 932
364, 1038
365, 930
366, 1033
367, 934
368, 1031
369, 933
370, 1033
371, 933
372, 1031
373, 937
374, 936
375, 1030
376, 931
377, 1033
378, 931
379, 1038
380, 931
381, 1037
382, 930
383, 1036
384, 930
385, 834
386, 835
387, 1333
388, 933
389, 1032
390, 930
391, 1333
392, 1236
393, 1431
394, 1232
395, 1230
396, 1033
397, 1030
398, 1339
399, 1538
400, 1337
401, 1236
402, 1334
403, 1438
404, 1633
405, 1430
406, 1338
407, 30
408, 436
409, 732
410, 936
411, 939
412, 1035
413, 937
414, 931
415, 937
416, 833
417, 936
418, 833
419, 1131
420, 939
421, 939
422, 833
423, 935
424, 836
425, 1032
426, 932
427, 1038
428, 832
429, 1130
430, 931
431, 938
432, 933
433, 939
434, 936
435, 935
436, 1032
437, 930
438, 1036
439, 933
440, 1034
441, 930
442, 1034
443, 932
444, 1035
445, 931
446, 1036
447, 930
448, 1033
449, 933
450, 1032
451, 1031
452, 1036
453, 933
454, 1030
455, 934
456, 936
457, 938
458, 937
459, 1035
460, 937
461, 939
462, 933
463, 1030
464, 931
465, 937
466, 933
467, 1130
468, 839
469, 1032
470, 933
471, 1030
472, 930
473, 934
474, 1033
475, 1030
476, 936
477, 936
478, 1034
479, 639
480, 1135
481, 1037
482, 1836
483, 1532
484, 1632
485, 1532
486, 1439
487, 839
488, 1338
489, 1535
490, 1532
491, 930
492, 1531
493, 1435
494, 1537
495, 1530
496, 1533
497, 1432
498, 1332
499, 1332
500, 1138
501, 1135
502, 938
503, 839
504, 836
505, 938
506, 1135
507, 1035
508, 831
509, 1032
510, 934
511, 836
512, 930
513, 836
514, 1034
515, 832
516, 1032
517, 930
518, 1039
519, 837
520, 1030
521, 833
522, 1130
523, 832
524, 1032
525, 931
526, 1037
527, 831
528, 936
529, 834
530, 1037
531, 836
532, 935
533, 1032
534, 933
535, 930
536, 836
537, 1135
538, 1031
539, 933
540, 932
541, 1039
542, 837
543, 931
544, 836
545, 1136
546, 938
547, 934
548, 932
549, 1037
550, 838
551, 1039
552, 836
553, 1235
554, 1138
555, 831
556, 1035
557, 935
558, 936
559, 837
560, 1030
561, 1033
562, 1035
563, 831
564, 1032
565, 934
566, 1034
567, 837
568, 937
569, 1432
570, 1535
571, 1230
572, 1330
573, 1139
574, 834
575, 738
576, 830
577, 1036
578, 1037
579, 939
580, 1031
581, 1137
582, 1332
583, 1436
584, 1138
585, 1337
586, 838
587, 1039
588, 1235
589, 1335
590, 1139
591, 1236
592, 1238
593, 1234
594, 1236
595, 1032
596, 1037
597, 1130
598, 1038
599, 930
600, 1038
601, 1032
602, 932
603, 835
604, 1032
605, 935
606, 1039
607, 932
608, 1032
609, 936
610, 936
611, 1030
612, 939
613, 937
614, 838
615, 1035
616, 931
617, 1036
618, 936
619, 1034
620, 930
621, 1034
622, 933
623, 1032
624, 934
625, 1034
626, 934
627, 939
628, 936
629, 938
630, 1031
631, 933
632, 1035
633, 930
634, 1035
635, 931
636, 1035
637, 930
638, 1038
639, 931
640, 1035
641, 935
642, 1038
643, 932
644, 938
645, 738
646, 1035
647, 932
648, 1033
649, 937
650, 937
651, 1033
652, 932
653, 1034
654, 930
655, 1033
656, 935
657, 1035
658, 935
659, 936
660, 1032
661, 1133
662, 1237
663, 1336
664, 1338
665, 1430
666, 930
667, 932
668, 836
669, 1035
670, 1031
671, 937
672, 1337
673, 1237
674, 1233
675, 1233
676, 1433
677, 1235
678, 1337
679, 1338
680, 1330
681, 737
682, 733
683, 833
684, 1236
685, 1036
686, 939
687, 932
688, 1030
689, 1034
690, 831
691, 1032
692, 934
693, 937
694, 835
695, 936
696, 931
697, 1036
698, 830
699, 1032
700, 934
701, 839
702, 837
703, 933
704, 935
705, 930
706, 839
707, 936
708, 939
709, 831
710, 936
711, 832
712, 1332
713, 738
714, 938
715, 839
716, 1032
717, 831
718, 938
719, 832
720, 938
721, 833
722, 936
723, 934
724, 939
725, 930
726, 932
727, 839
728, 1230
729, 931
730, 932
731, 1038
732, 932
733, 932
734, 834
735, 1038
736, 1135
737, 932
738, 934
739, 1031
740, 837
741, 839
742, 837
743, 931
744, 938
745, 839
746, 937
747, 937
748, 936
749, 836
750, 938
751, 932
752, 1133
753, 830
754, 1034
755, 937
756, 1030
757, 830
758, 938
759, 1239
760, 1239
761, 1039
762, 1435
763, 1434
764, 1438
765, 1237
766, 1238
767, 1330
768, 1137
769, 1432
770, 1436
771, 1230
772, 1231
773, 1237
774, 1135
775, 1137
776, 1334
777, 1435
778, 1538
779, 1533
780, 1235
781, 1032
782, 839
783, 1137
784, 1238
785, 937
786, 1034
787, 1032
788, 931
789, 931
790, 1036
791, 934
792, 937
793, 930
794, 1034
795, 931
796, 1032
797, 932
798, 1034
799, 1030
800, 1039
801, 933
802, 931
803, 836
804, 834
805, 931
806, 932
807, 1136
808, 930
809, 930
810, 930
811, 1131
812, 835
813, 937
814, 836
815, 1132
816, 738
817, 934
818, 932
819, 1030
820, 833
821, 934
822, 835
823, 1338
824, 836
825, 932
826, 1032
827, 935
828, 930
829, 836
830, 935
831, 1135
832, 935
833, 837
834, 1033
835, 932
836, 933
837, 837
838, 934
839, 939
840, 935
841, 932
842, 939
843, 939
844, 833
845, 935
846, 833
847, 1234
848, 831
849, 1033
850, 935
851, 1035
852, 838
853, 939
854, 1033
855, 1039
856, 833
857, 1032
858, 935
859, 936
860, 839
861, 935
862, 1136
863, 1135
864, 836
865, 933
866, 1036
867, 833
868, 934
869, 836
870, 1335
871, 1233
872, 930
873, 839
874, 1130
875, 935
876, 932
877, 836
878, 1133
879, 939
880, 931
881, 933
882, 1031
883, 930
884, 838
885, 939
886, 1233
887, 1138
888, 831
889, 1033
890, 935
891, 933
892, 838
893, 939
894, 1234
895, 1133
896, 833
897, 1031
898, 938
899, 932
900, 839
901, 932
902, 1136
903, 937
904, 930
905, 932
906, 1035
907, 832
908, 937
909, 833
910, 1331
911, 932
912, 932
913, 930
914, 1039
915, 834
916, 936
917, 834
918, 1038
919, 935
920, 838
921, 936
922, 1032
923, 838
924, 836
925, 935
926, 1134
927, 1034
928, 830
929, 1034
930, 936
931, 933
932, 836
933, 933
934, 930
935, 1031
936, 834
937, 1030
938, 835
939, 837
940, 839
941, 837
942, 1135
943, 833
944, 936
945, 931
946, 1035
947, 832
948, 937
949, 832
950, 937
951, 832
952, 1032
953, 931
954, 1031
955, 830
956, 937
957, 833
958, 1134
959, 834
960, 1031
961, 1030
962, 836
963, 1034
964, 639
965, 1332
966, 1039
967, 1133
968, 733
969, 1333
970, 730
971, 1230
972, 735
973, 1534
974, 832
975, 1130
976, 830
977, 1231
978, 738
979, 937
980, 938
981, 1034
982, 1135
983, 731
984, 1137
985, 834
986, 1037
987, 736
988, 1038
989, 1035
990, 1238
991, 734
992, 1038
993, 839
994, 938
995, 832
996, 938
997, 1236
998, 1035
999, 837
1000, 933
1001, 1032
1002, 737
1003, 1034
1004, 737
1005, 1139
1006, 930
1007, 1031
1008, 833
1009, 738
1010, 1134
1011, 1430
1012, 1435
1013, 1530
1014, 939
1015, 932
1016, 1238
1017, 1630
1018, 1336
1019, 1239
1020, 1430
1021, 1438
1022, 836
1023, 1431
1024, 1432
1025, 1536
1026, 1339
1027, 1032
1028, 1032
1029, 1131
1030, 1137
1031, 931
1032, 1135
1033, 833
1034, 935
1035, 836
1036, 1238
1037, 1134
1038, 837
1039, 1030
1040, 933
1041, 1036
1042, 736
1043, 1034
1044, 1036
1045, 1233
1046, 736
1047, 1039
1048, 839
1049, 1035
1050, 737
1051, 1030
1052, 930
1053, 1031
1054, 830
1055, 1034
1056, 938
1057, 938
1058, 934
1059, 837
1060, 1236
1061, 839
1062, 938
1063, 835
1064, 1134
1065, 735
1066, 1033
1067, 830
1068, 1036
1069, 933
1070, 936
1071, 1031
1072, 1032
1073, 732
1074, 938
1075, 833
1076, 1134
1077, 936
1078, 834
1079, 1034
1080, 934
1081, 936
1082, 831
1083, 939
1084, 936
1085, 939
1086, 831
1087, 1038
1088, 832
1089, 1039
1090, 836
1091, 937
1092, 1037
1093, 935
1094, 930
1095, 1030
1096, 932
1097, 839
1098, 936
1099, 934
1100, 1233
1101, 736
1102, 1037
1103, 836
1104, 1033
1105, 736
1106, 1032
1107, 838
1108, 1330
1109, 739
1110, 1036
1111, 935
1112, 936
1113, 837
1114, 1031
1115, 936
1116, 1231
1117, 1334
1118, 1435
1119, 1439
1120, 1037
1121, 931
1122, 939
1123, 1435
1124, 1735
1125, 1532
1126, 1333
1127, 1534
1128, 1434
1129, 1532
1130, 1532
1131, 1733
1132, 1436
1133, 1336
1134, 939
1135, 1630
1136, 1136
1137, 936
1138, 1034
1139, 1233
1140, 1038
1141, 736
1142, 1036
1143, 838
1144, 939
1145, 830
1146, 936
1147, 934
1148, 932
1149, 839
1150, 1132
1151, 935
1152, 1035
1153, 935
1154, 1030
1155, 1033
1156, 736
1157, 939
1158, 837
1159, 1039
1160, 738
1161, 1031
1162, 738
1163, 1036
1164, 831
1165, 1030
1166, 838
1167, 1035
1168, 831
1169, 1031
1170, 830
1171, 1334
1172, 834
1173, 1032
1174, 939
1175, 939
1176, 931
1177, 834
1178, 1137
1179, 1032
1180, 937
1181, 937
1182, 1036
1183, 933
1184, 1033
1185, 932
1186, 1030
1187, 933
1188, 933
1189, 932
1190, 1032
1191, 833
1192, 938
1193, 930
1194, 1130
1195, 1135
1196, 831
1197, 1132
1198, 934
1199, 1032
1200, 833
1201, 1034
1202, 1037
1203, 1132
1204, 738
1205, 1037
1206, 930
1207, 935
1208, 835
1209, 1030
1210, 936
1211, 1034
1212, 832
1213, 935
1214, 1036
1215, 1133
1216, 1132
1217, 1131
1218, 1735
1219, 1238
1220, 1235
1221, 832
1222, 1339
1223, 1336
1224, 1337
1225, 638
1226, 1239
1227, 1335
1228, 1138
1229, 1330
1230, 1334
1231, 1138
1232, 1431
1233, 1338
1234, 1436
1235, 835
1236, 1330
1237, 1239
1238, 936
1239, 938
1240, 835
1241, 1030
1242, 1132
1243, 938
1244, 836
1245, 1036
1246, 838
1247, 934
1248, 834
1249, 935
1250, 1132
1251, 930
1252, 937
1253, 1034
1254, 935
1255, 935
1256, 935
1257, 1034
1258, 1237
1259, 1033
1260, 936
1261, 838
1262, 937
1263, 834
1264, 1031
1265, 1230
1266, 1134
1267, 830
1268, 1035
1269, 938
1270, 934
1271, 931
1272, 935
1273, 1239
1274, 832
1275, 938
1276, 838
1277, 1133
1278, 830
1279, 1037
1280, 833
1281, 1330
1282, 933
1283, 936
1284, 839
1285, 1039
1286, 830
1287, 1030
1288, 833
1289, 1034
1290, 831
1291, 930
1292, 1030
1293, 933
1294, 936
1295, 833
1296, 937
1297, 834
1298, 939
1299, 830
1300, 1037
1301, 833
1302, 938
1303, 832
1304, 937
1305, 1032
1306, 936
1307, 832
1308, 1033
1309, 835
1310, 839
1311, 932
1312, 836
1313, 1432
1314, 737
1315, 1034
1316, 837
1317, 1036
1318, 737
1319, 1034
1320, 731
1321, 1232
1322, 737
1323, 1036
1324, 937
1325, 1438
1326, 1338
1327, 1430
1328, 1039
1329, 1138
1330, 1139
1331, 1436
1332, 1531
1333, 1430
1334, 938
1335, 1339
1336, 1537
1337, 1635
1338, 1339
1339, 1334
1340, 1334
1341, 1432
1342, 1137
1343, 839
1344, 1132
1345, 1233
1346, 936
1347, 932
1348, 1037
1349, 936
1350, 839
1351, 934
1352, 1033
1353, 1131
1354, 738
1355, 1038
1356, 931
1357, 932
1358, 832
1359, 1031
1360, 1231
1361, 1036
1362, 738
1363, 1036
1364, 934
1365, 936
1366, 835
1367, 936
1368, 938
1369, 1032
1370, 838
1371, 933
1372, 938
1373, 739
1374, 1031
1375, 830
1376, 1133
1377, 834
1378, 938
1379, 837
1380, 1038
1381, 834
1382, 1032
1383, 830
1384, 1231
1385, 831
1386, 939
1387, 932
1388, 1031
1389, 835
1390, 930
1391, 931
1392, 1030
1393, 933
1394, 837
1395, 1039
1396, 833
1397, 937
1398, 831
1399, 1234
1400, 837
1401, 936
1402, 930
1403, 1039
1404, 738
1405, 1032
1406, 838
1407, 1034
1408, 1031
1409, 836
1410, 1030
1411, 934
1412, 939
1413, 1139
1414, 1234
1415, 1438
1416, 1438
1417, 1334
1418, 937
1419, 937
1420, 1130
1421, 1530
1422, 1533
1423, 1630
1424, 1532
1425, 1338
1426, 1534
1427, 1339
1428, 1237
1429, 938
1430, 1431
1431, 1435
1432, 1136
1433, 1039
1434, 836
1435, 1039
1436, 732
1437, 939
1438, 933
1439, 1038
1440, 836
1441, 1033
1442, 831
1443, 1230
1444, 735
1445, 1033
1446, 830
1447, 1035
1448, 1033
1449, 737
1450, 1134
1451, 830
1452, 1132
1453, 733
1454, 1132
1455, 1034
1456, 1036
1457, 733
1458, 1139
1459, 835
1460, 1036
1461, 831
1462, 1037
1463, 937
1464, 1033
1465, 838
1466, 1035
1467, 1032
1468, 838
1469, 1036
1470, 738
1471, 1236
1472, 737
1473, 1231
1474, 836
1475, 1136
1476, 733
1477, 1131
1478, 1032
1479, 1234
1480, 738
1481, 1130
1482, 837
1483, 1132
1484, 739
1485, 935
1486, 934
1487, 931
1488, 934
1489, 832
1490, 1137
1491, 737
1492, 1132
1493, 637
1494, 1235
1495, 738
1496, 1132
1497, 734
1498, 1237
1499, 730
1500, 1132
1501, 639
1502, 1132
1503, 833
1504, 939
1505, 839
1506, 1032
1507, 932
1508, 736
1509, 1133
1510, 930
1511, 1238
1512, 636
1513, 1234
1514, 739
1515, 1136
1516, 731
1517, 1133
1518, 735
1519, 1133
1520, 732
1521, 1139
1522, 833
1523, 1033
1524, 833
1525, 933
1526, 1139
1527, 832
1528, 1136
1529, 739
1530, 1236
1531, 639
1532, 1137
1533, 638
1534, 1437
