1, 830
2, 1038
3, 839
4, 1031
5, 833
6, 937
7, 1030
8, 935
9, 831
10, 1036
11, 930
12, 1037
13, 833
14, 935
15, 1035
16, 838
17, 1031
18, 736
19, 1234
20, 535
21, 1335
22, 630
23, 1335
24, 639
25, 1230
26, 830
27, 1136
28, 736
29, 1039
30, 734
31, 1333
32, 737
33, 1032
34, 935
35, 938
36, 932
37, 834
38, 938
39, 1032
40, 1030
41, 834
42, 1139
43, 833
44, 1031
45, 830
46, 1334
47, 837
48, 939
49, 835
50, 1136
51, 831
52, 1032
53, 836
54, 1034
55, 930
56, 836
57, 1036
58, 933
59, 1035
60, 833
61, 1034
62, 1130
63, 1034
64, 832
65, 1038
66, 936
67, 1033
68, 739
69, 939
70, 932
71, 1131
72, 834
73, 938
74, 1034
75, 933
76, 933
77, 837
78, 1135
79, 1033
80, 938
81, 930
82, 1035
83, 838
84, 933
85, 836
86, 935
87, 938
88, 936
89, 933
90, 1032
91, 934
92, 930
93, 934
94, 934
95, 1035
96, 834
97, 1032
98, 936
99, 1032
100, 739
101, 1030
102, 1038
103, 1334
104, 832
105, 1032
106, 937
107, 939
108, 835
109, 937
110, 1132
111, 1135
112, 834
113, 935
114, 1130
115, 832
116, 1031
117, 832
118, 1236
119, 839
120, 936
121, 834
122, 1132
123, 739
124, 1033
125, 837
126, 1233
127, 933
128, 933
129, 934
130, 1035
131, 831
132, 931
133, 934
134, 1231
135, 1036
136, 832
137, 1035
138, 931
139, 933
140, 836
141, 938
142, 935
143, 1039
144, 833
145, 1032
146, 931
147, 934
148, 930
149, 933
150, 1037
151, 839
152, 932
153, 937
154, 936
155, 936
156, 1134
157, 739
158, 1932
159, 1436
160, 1432
161, 1532
162, 937
163, 1133
164, 1432
165, 1433
166, 1839
167, 1234
168, 1330
169, 1234
170, 1334
171, 1333
172, 1030
173, 937
174, 1135
175, 931
176, 835
177, 1035
178, 839
179, 932
180, 836
181, 934
182, 1039
183, 934
184, 834
185, 1033
186, 933
187, 935
188, 930
189, 932
190, 1133
191, 833
192, 937
193, 931
194, 1033
195, 831
196, 939
197, 831
198, 1232
199, 830
200, 1034
201, 839
202, 1033
203, 836
204, 937
205, 735
206, 1334
207, 833
208, 1031
209, 1030
210, 935
211, 838
212, 837
213, 1232
214, 1032
215, 935
216, 932
217, 1039
218, 834
219, 933
220, 836
221, 1234
222, 1231
223, 931
224, 934
225, 1032
226, 837
227, 931
228, 839
229, 838
230, 937
231, 835
232, 1030
233, 932
234, 1038
235, 832
236, 1030
237, 833
238, 1135
239, 832
240, 1031
241, 930
242, 1032
243, 833
244, 939
245, 1135
246, 1533
247, 1338
248, 1731
249, 1530
250, 1531
251, 1234
252, 936
253, 1433
254, 1437
255, 1530
256, 1431
257, 1430
258, 1334
259, 1237
260, 1234
261, 1034
262, 1034
263, 934
264, 836
265, 1032
266, 932
267, 932
268, 932
269, 837
270, 1132
271, 833
272, 1032
273, 930
274, 1034
275, 830
276, 939
277, 833
278, 1137
279, 834
280, 1035
281, 934
282, 1033
283, 837
284, 937
285, 935
286, 1236
287, 834
288, 936
289, 939
290, 933
291, 930
292, 837
293, 1034
294, 1136
295, 933
296, 931
297, 1039
298, 831
299, 938
300, 837
301, 1435
302, 934
303, 933
304, 933
305, 1036
306, 933
307, 932
308, 932
309, 938
310, 1137
311, 831
312, 1033
313, 935
314, 1033
315, 839
316, 939
317, 1133
318, 1239
319, 832
320, 1032
321, 936
322, 1035
323, 930
324, 936
325, 1132
326, 1039
327, 836
328, 936
329, 1034
330, 1037
331, 835
332, 1334
333, 1731
334, 1630
335, 1437
336, 1333
337, 1235
338, 932
339, 1437
340, 1532
341, 1637
342, 1638
343, 1239
344, 830
345, 835
346, 739
347, 831
348, 739
349, 739
350, 832
351, 1339
352, 1238
353, 938
354, 1036
355, 831
356, 939
357, 834
358, 1334
359, 832
360, 1032
361, 931
362, 1031
363, 831
364, 935
365, 934
366, 1330
367, 837
368, 932
369, 1036
370, 835
371, 934
372, 836
373, 1138
374, 1232
375, 932
376, 930
377, 1032
378, 838
379, 931
380, 836
381, 933
382, 1034
383, 930
384, 930
385, 936
386, 939
387, 831
388, 935
389, 832
390, 1235
391, 830
392, 1030
393, 839
394, 1034
395, 837
396, 1030
397, 833
398, 1131
399, 834
400, 1034
401, 935
402, 1031
403, 835
404, 933
405, 1132
406, 839
407, 932
408, 932
409, 1032
410, 931
411, 932
412, 834
413, 934
414, 1139
415, 836
416, 1136
417, 1633
418, 1536
419, 1233
420, 1037
421, 1230
422, 1438
423, 1339
424, 1533
425, 1531
426, 1337
427, 831
428, 736
429, 833
430, 935
431, 1238
432, 1235
433, 1032
434, 1037
435, 834
436, 935
437, 1035
438, 1037
439, 835
440, 935
441, 938
442, 934
443, 933
444, 933
445, 1232
446, 1039
447, 934
448, 932
449, 1130
450, 833
451, 1032
452, 837
453, 1434
454, 635
455, 937
456, 932
457, 1130
458, 933
459, 939
460, 838
461, 1039
462, 938
463, 839
464, 937
465, 939
466, 930
467, 837
468, 936
469, 1035
470, 1139
471, 830
472, 1033
473, 935
474, 932
475, 931
476, 939
477, 933
478, 1330
479, 832
480, 1031
481, 939
482, 838
483, 933
484, 931
485, 1032
486, 1033
487, 934
488, 839
489, 1039
490, 933
491, 1030
492, 836
493, 1130
494, 934
495, 934
496, 933
497, 1130
498, 734
499, 1331
500, 1530
501, 1136
502, 1631
503, 1237
504, 1431
505, 837
506, 1137
507, 1238
508, 1532
509, 1331
510, 1035
511, 832
512, 935
513, 836
514, 932
515, 1330
516, 1136
517, 1137
518, 1133
519, 830
520, 1030
521, 1033
522, 936
523, 837
524, 838
525, 1233
526, 1231
527, 934
528, 930
529, 1038
530, 930
531, 935
532, 838
533, 935
534, 936
535, 932
536, 931
537, 1037
538, 839
539, 936
540, 839
541, 934
542, 1137
543, 833
544, 1035
545, 936
546, 939
547, 739
548, 938
549, 1133
550, 1239
551, 831
552, 1034
553, 939
554, 1030
555, 831
556, 937
557, 1031
558, 1039
559, 836
560, 937
561, 937
562, 933
563, 930
564, 836
565, 936
566, 939
567, 934
568, 932
569, 1032
570, 936
571, 933
572, 836
573, 934
574, 1137
575, 932
576, 931
577, 939
578, 838
579, 836
580, 931
581, 934
582, 1230
583, 833
584, 1034
585, 933
586, 1033
587, 1038
588, 937
589, 1634
590, 1637
591, 1534
592, 1639
593, 1434
594, 1430
595, 937
596, 1239
597, 1530
598, 1735
599, 1435
600, 1439
601, 939
602, 839
603, 834
604, 1237
605, 1135
606, 1038
607, 933
608, 932
609, 1033
610, 839
611, 937
612, 839
613, 934
614, 1133
615, 932
616, 932
617, 1030
618, 933
619, 834
620, 933
621, 834
622, 1036
623, 833
624, 1033
625, 838
626, 1035
627, 833
628, 939
629, 833
630, 1132
631, 833
632, 936
633, 932
634, 1035
635, 833
636, 935
637, 836
638, 1334
639, 836
640, 838
641, 1032
642, 934
643, 1037
644, 838
645, 936
646, 939
647, 932
648, 839
649, 1032
650, 931
651, 838
652, 835
653, 933
654, 939
655, 932
656, 932
657, 937
658, 1031
659, 837
660, 937
661, 834
662, 1035
663, 834
664, 938
665, 932
666, 1036
667, 836
668, 939
669, 832
670, 1137
671, 831
672, 935
673, 932
674, 937
675, 830
676, 938
677, 1433
678, 1730
679, 1534
680, 1535
681, 1531
682, 1137
683, 734
684, 1431
685, 1537
686, 1736
687, 1336
688, 1037
689, 1033
690, 932
691, 730
692, 635
693, 734
694, 935
695, 730
696, 734
697, 1432
698, 1137
699, 835
700, 935
701, 1031
702, 1339
703, 830
704, 1034
705, 938
706, 1030
707, 837
708, 939
709, 1232
710, 1230
711, 833
712, 1034
713, 938
714, 1031
715, 930
716, 934
717, 1234
718, 1230
719, 931
720, 930
721, 1130
722, 839
723, 1030
724, 837
725, 1036
726, 1037
727, 935
728, 932
729, 1037
730, 838
731, 930
732, 836
733, 1132
734, 1130
735, 838
736, 939
737, 1032
738, 1034
739, 831
740, 937
741, 1036
742, 1132
743, 831
744, 1034
745, 930
746, 939
747, 739
748, 936
749, 833
750, 1133
751, 832
752, 1032
753, 933
754, 933
755, 836
756, 931
757, 932
758, 1033
759, 935
760, 839
761, 1038
762, 831
763, 932
764, 835
765, 936
766, 939
767, 934
768, 933
769, 1036
770, 836
771, 934
772, 838
773, 1232
774, 934
775, 839
776, 939
777, 932
778, 1033
779, 739
780, 837
781, 830
782, 1631
783, 1536
784, 1637
785, 1630
786, 1431
787, 1233
788, 739
789, 1332
790, 1532
791, 1439
792, 1638
793, 1335
794, 936
795, 832
796, 735
797, 737
798, 1330
799, 1230
800, 1039
801, 1038
802, 931
803, 930
804, 835
805, 936
806, 934
807, 936
808, 933
809, 1033
810, 932
811, 934
812, 838
813, 839
814, 1030
815, 837
816, 938
817, 934
818, 1036
819, 834
820, 1030
821, 832
822, 1231
823, 832
824, 937
825, 933
826, 1032
827, 936
828, 939
829, 834
830, 1132
831, 834
832, 937
833, 935
834, 938
835, 931
836, 837
837, 936
838, 832
839, 937
840, 933
841, 1034
842, 932
843, 931
844, 838
845, 935
846, 1135
847, 933
848, 930
849, 1033
850, 935
851, 839
852, 931
853, 1137
854, 1138
855, 832
856, 1032
857, 937
858, 1037
859, 839
860, 1032
861, 1130
862, 1331
863, 831
864, 1034
865, 1030
866, 1030
867, 838
868, 1030
869, 1133
870, 1135
871, 836
872, 937
873, 1036
874, 930
875, 1030
876, 837
877, 1134
878, 1137
879, 933
880, 930
881, 1332
882, 938
883, 1038
884, 1539
885, 1933
886, 1636
887, 1434
888, 1437
889, 1232
890, 937
891, 1431
892, 1438
893, 1631
894, 1636
895, 1434
896, 1332
897, 832
898, 935
899, 936
900, 935
901, 1431
902, 1439
903, 835
904, 1037
905, 938
906, 1033
907, 839
908, 937
909, 1131
910, 1035
911, 839
912, 936
913, 1039
914, 835
915, 932
916, 838
917, 1434
918, 935
919, 933
920, 932
921, 1131
922, 936
923, 939
924, 839
925, 1234
926, 1037
927, 933
928, 935
929, 1037
930, 1031
931, 933
932, 937
933, 1034
934, 1036
935, 831
936, 1037
937, 936
938, 937
939, 930
940, 937
941, 1039
942, 1037
943, 832
944, 1031
945, 936
946, 933
947, 930
948, 934
949, 1038
950, 936
951, 931
952, 931
953, 1039
954, 836
955, 939
956, 835
957, 1236
958, 934
959, 934
960, 932
961, 1130
962, 838
963, 939
964, 837
965, 1133
966, 938
967, 930
968, 934
969, 1034
970, 930
971, 931
972, 936
973, 1033
974, 737
975, 836
976, 1035
977, 936
978, 1238
979, 1234
980, 1631
981, 1737
982, 1637
983, 1438
984, 1535
985, 1335
986, 838
987, 1038
988, 1533
989, 1538
990, 1638
991, 1139
992, 830
993, 839
994, 738
995, 831
996, 1135
997, 1638
998, 1133
999, 1032
1000, 932
1001, 1038
1002, 831
1003, 1030
1004, 839
1005, 1234
1006, 635
1007, 935
1008, 937
1009, 1032
1010, 1031
1011, 838
1012, 939
1013, 1232
1014, 1136
1015, 833
1016, 1036
1017, 939
1018, 1038
1019, 930
1020, 1031
1021, 1035
1022, 1137
1023, 833
1024, 1031
1025, 1030
1026, 932
1027, 930
1028, 931
1029, 1135
1030, 938
1031, 934
1032, 930
1033, 1130
1034, 834
1035, 933
1036, 836
1037, 1330
1038, 931
1039, 931
1040, 930
1041, 1039
1042, 936
1043, 930
1044, 837
1045, 1132
1046, 939
1047, 836
1048, 1030
1049, 1030
1050, 1031
1051, 838
1052, 939
1053, 939
1054, 1332
1055, 832
1056, 1034
1057, 939
1058, 937
1059, 836
1060, 938
1061, 1136
1062, 1039
1063, 833
1064, 1031
1065, 1031
1066, 934
1067, 934
1068, 932
1069, 1233
1070, 1139
1071, 830
1072, 1536
1073, 1632
1074, 1538
1075, 1635
1076, 1434
1077, 1333
1078, 835
1079, 1333
1080, 1436
1081, 1632
1082, 1531
1083, 1534
1084, 1238
1085, 1338
1086, 1034
1087, 833
1088, 931
1089, 836
1090, 1333
1091, 1038
1092, 1033
1093, 930
1094, 1039
1095, 739
1096, 1034
1097, 930
1098, 930
1099, 836
1100, 935
1101, 1230
1102, 1034
1103, 833
1104, 939
1105, 934
1106, 834
1107, 935
1108, 833
1109, 1230
1110, 833
1111, 936
1112, 932
1113, 1036
1114, 831
1115, 939
1116, 834
1117, 1235
1118, 833
1119, 1031
1120, 932
1121, 1037
1122, 839
1123, 938
1124, 836
1125, 1133
1126, 930
1127, 839
1128, 1032
1129, 838
1130, 931
1131, 836
1132, 935
1133, 1131
1134, 934
1135, 930
1136, 1032
1137, 934
1138, 936
1139, 836
1140, 934
1141, 933
1142, 933
1143, 838
1144, 938
1145, 935
1146, 838
1147, 936
1148, 833
1149, 1135
1150, 832
1151, 936
1152, 930
1153, 1032
1154, 934
1155, 1030
1156, 834
1157, 1230
1158, 830
1159, 935
1160, 932
1161, 1030
1162, 835
1163, 935
1164, 838
1165, 1235
1166, 839
1167, 839
1168, 1034
1169, 836
1170, 935
1171, 837
1172, 936
1173, 936
1174, 935
1175, 835
1176, 1033
1177, 934
1178, 935
1179, 838
1180, 934
1181, 1032
1182, 932
1183, 837
1184, 1030
1185, 939
1186, 1531
1187, 1536
1188, 1633
1189, 1634
1190, 1438
1191, 1531
1192, 1039
1193, 1238
1194, 1533
1195, 1631
1196, 1634
1197, 1439
1198, 1332
1199, 1436
1200, 936
1201, 834
1202, 738
1203, 1430
1204, 1035
1205, 932
1206, 937
1207, 836
1208, 1036
1209, 933
1210, 938
1211, 837
1212, 1036
1213, 1034
1214, 934
1215, 931
1216, 1130
1217, 932
1218, 930
1219, 839
1220, 1139
1221, 1137
1222, 836
1223, 938
1224, 935
1225, 1032
1226, 831
1227, 939
1228, 832
1229, 1335
1230, 831
1231, 1037
1232, 935
1233, 938
1234, 836
1235, 939
1236, 933
1237, 1135
1238, 834
1239, 1031
1240, 939
1241, 936
1242, 837
1243, 839
1244, 1435
1245, 1133
1246, 932
1247, 932
1248, 1039
1249, 930
1250, 932
1251, 836
1252, 1330
1253, 939
1254, 933
1255, 932
1256, 1034
1257, 935
1258, 932
1259, 930
1260, 931
1261, 1131
1262, 837
1263, 1030
1264, 932
1265, 1131
1266, 835
1267, 939
1268, 833
1269, 1235
1270, 830
1271, 1035
1272, 937
1273, 1034
1274, 830
1275, 938
1276, 934
1277, 1334
1278, 834
1279, 1032
1280, 1031
1281, 934
1282, 838
1283, 837
1284, 1334
1285, 933
1286, 934
1287, 931
1288, 1033
1289, 933
1290, 931
1291, 834
1292, 934
1293, 1031
1294, 934
1295, 931
1296, 1032
1297, 937
1298, 930
1299, 839
1300, 930
1301, 939
1302, 835
1303, 1032
1304, 930
1305, 1034
1306, 830
1307, 1235
1308, 834
1309, 1434
1310, 1530
1311, 1635
1312, 1637
1313, 1631
1314, 1534
1315, 1531
1316, 1038
1317, 1138
1318, 1439
1319, 1637
1320, 1630
1321, 1331
1322, 938
1323, 1235
1324, 1532
1325, 1431
1326, 1030
1327, 930
1328, 1034
1329, 934
1330, 932
1331, 837
1332, 936
1333, 937
1334, 933
1335, 930
1336, 1033
1337, 836
1338, 937
1339, 933
1340, 838
1341, 1038
1342, 833
1343, 1034
1344, 930
1345, 1031
1346, 831
1347, 1031
1348, 831
1349, 1035
1350, 835
1351, 1036
1352, 931
1353, 1037
1354, 931
1355, 938
1356, 833
1357, 1232
1358, 835
1359, 932
1360, 1030
1361, 933
1362, 938
1363, 835
1364, 937
1365, 1037
1366, 935
1367, 831
1368, 1035
1369, 838
1370, 1037
1371, 839
1372, 936
1373, 937
1374, 931
1375, 837
1376, 1031
1377, 936
1378, 839
1379, 933
1380, 837
1381, 1131
1382, 830
1383, 1033
1384, 931
1385, 1035
1386, 832
1387, 1030
1388, 832
1389, 1234
1390, 833
1391, 936
1392, 839
1393, 1039
1394, 835
1395, 936
1396, 834
1397, 1230
1398, 839
1399, 839
1400, 1031
1401, 933
1402, 1031
1403, 1235
1404, 837
1405, 1436
1406, 1532
1407, 1535
1408, 1533
1409, 1533
1410, 1435
1411, 934
1412, 1430
1413, 1730
1414, 1530
1415, 1631
1416, 1230
1417, 834
1418, 938
1419, 931
1420, 1434
1421, 1633
1422, 936
1423, 1030
1424, 933
1425, 1035
1426, 835
1427, 1030
1428, 833
1429, 1231
1430, 832
1431, 1035
1432, 937
1433, 937
1434, 738
1435, 935
1436, 938
1437, 1031
1438, 931
1439, 935
1440, 1038
1441, 839
1442, 937
1443, 837
1444, 1038
1445, 1134
1446, 934
1447, 934
1448, 1130
1449, 931
1450, 939
1451, 837
1452, 1335
1453, 1133
1454, 930
1455, 934
1456, 1034
1457, 838
1458, 837
1459, 937
1460, 1031
1461, 930
1462, 833
1463, 1036
1464, 935
1465, 1038
1466, 837
1467, 1032
1468, 1037
1469, 1039
1470, 834
1471, 1035
1472, 938
1473, 932
1474, 838
1475, 935
1476, 1132
1477, 934
1478, 930
1479, 931
1480, 1038
1481, 834
1482, 1030
1483, 834
1484, 1436
1485, 932
1486, 933
1487, 931
1488, 1039
1489, 835
1490, 1030
1491, 836
1492, 1233
1493, 936
1494, 932
1495, 937
1496, 939
1497, 936
1498, 931
1499, 935
1500, 1031
1501, 1034
1502, 833
1503, 1036
1504, 939
1505, 1032
1506, 839
1507, 939
1508, 1137
1509, 731
1510, 1630
1511, 1632
1512, 1533
1513, 1632
1514, 1538
1515, 1534
1516, 1030
1517, 1234
1518, 1636
1519, 1630
1520, 1634
1521, 1439
1522, 934
1523, 1030
1524, 1335
1525, 1431
1526, 1235
1527, 935
1528, 1034
1529, 736
1530, 937
1531, 834
1532, 1033
1533, 836
1534, 933
1535, 937
1536, 939
1537, 935
1538, 838
1539, 935
1540, 1033
1541, 934
1542, 834
1543, 1034
1544, 836
1545, 1036
1546, 837
1547, 934
1548, 1032
1549, 838
1550, 836
1551, 1033
1552, 932
1553, 936
1554, 930
1555, 837
1556, 1039
1557, 830
1558, 935
1559, 932
1560, 1033
1561, 832
1562, 939
1563, 836
1564, 1134
1565, 830
1566, 936
1567, 932
1568, 1031
1569, 830
1570, 938
1571, 834
1572, 1130
1573, 935
1574, 930
1575, 937
1576, 939
1577, 933
1578, 837
1579, 935
1580, 1133
1581, 933
1582, 833
1583, 1035
1584, 838
1585, 933
1586, 837
1587, 935
1588, 1033
1589, 934
1590, 839
1591, 1034
1592, 936
1593, 931
1594, 1032
1595, 834
1596, 1331
1597, 1534
1598, 1539
1599, 1633
1600, 1632
1601, 1532
1602, 1335
1603, 1139
1604, 1532
1605, 1533
1606, 1634
1607, 1632
1608, 1038
1609, 738
1610, 939
1611, 937
1612, 1339
1613, 1236
1614, 1038
1615, 1034
1616, 931
1617, 936
1618, 837
1619, 1036
1620, 1138
1621, 936
1622, 930
1623, 1038
1624, 838
1625, 1030
1626, 836
1627, 1136
1628, 838
1629, 936
1630, 931
1631, 1037
1632, 835
1633, 935
1634, 930
1635, 936
1636, 1235
1637, 831
1638, 1034
1639, 937
1640, 939
1641, 839
1642, 939
1643, 939
1644, 1139
1645, 832
1646, 1034
1647, 938
1648, 935
1649, 837
1650, 938
1651, 1039
1652, 1033
1653, 837
1654, 936
1655, 1036
1656, 832
1657, 939
1658, 835
1659, 1038
1660, 934
1661, 936
1662, 931
1663, 1131
1664, 830
1665, 939
1666, 836
1667, 1139
1668, 932
1669, 932
1670, 932
1671, 1030
1672, 836
1673, 932
1674, 933
1675, 1038
1676, 930
1677, 835
1678, 1035
1679, 932
1680, 1030
1681, 834
1682, 939
1683, 1032
1684, 1030
1685, 832
1686, 1035
1687, 933
1688, 1033
1689, 836
1690, 934
1691, 1233
1692, 835
1693, 930
1694, 932
1695, 1034
1696, 835
1697, 1032
1698, 739
1699, 1434
1700, 634
1701, 1138
1702, 638
1703, 1233
1704, 637
1705, 1135
1706, 733
1707, 1336
1708, 638
1709, 1038
1710, 833
1711, 1135
1712, 831
1713, 937
1714, 931
1715, 1130
1716, 1034
1717, 738
1718, 1230
1719, 738
