1, 735
2, 1038
3, 934
4, 1036
5, 832
6, 1231
7, 836
8, 1039
9, 739
10, 1335
11, 1032
12, 939
13, 838
14, 1132
15, 936
16, 837
17, 1030
18, 1138
19, 1230
20, 735
21, 1136
22, 835
23, 1032
24, 734
25, 1037
26, 1035
27, 1136
28, 735
29, 1134
30, 830
31, 1133
32, 731
33, 1034
34, 832
35, 1330
36, 836
37, 936
38, 1031
39, 839
40, 935
41, 832
42, 1030
43, 934
44, 939
45, 833
46, 1037
47, 837
48, 936
49, 835
50, 1230
51, 1037
52, 935
53, 932
54, 1130
55, 933
56, 839
57, 933
58, 1230
59, 1330
60, 737
61, 1034
62, 837
63, 1031
64, 738
65, 1032
66, 836
67, 1336
68, 739
69, 1036
70, 934
71, 1034
72, 835
73, 1030
74, 1031
75, 832
76, 839
77, 1030
78, 1036
79, 837
80, 1032
81, 834
82, 1431
83, 932
84, 937
85, 839
86, 1133
87, 836
88, 1036
89, 834
90, 1130
91, 1032
92, 934
93, 931
94, 1037
95, 836
96, 936
97, 934
98, 1031
99, 1030
100, 833
101, 1035
102, 934
103, 937
104, 836
105, 1034
106, 1034
107, 738
108, 834
109, 1036
110, 934
111, 1130
112, 836
113, 1031
114, 935
115, 1134
116, 834
117, 939
118, 1033
119, 933
120, 1031
121, 837
122, 1436
123, 839
124, 936
125, 838
126, 1131
127, 832
128, 1030
129, 836
130, 1234
131, 1039
132, 934
133, 839
134, 1038
135, 739
136, 932
137, 932
138, 837
139, 1033
140, 834
141, 1037
142, 935
143, 1032
144, 738
145, 1030
146, 1037
147, 1133
148, 831
149, 1036
150, 933
151, 1036
152, 831
153, 1031
154, 832
155, 1036
156, 836
157, 938
158, 1032
159, 934
160, 939
161, 836
162, 1232
163, 1031
164, 936
165, 839
166, 1131
167, 735
168, 936
169, 834
170, 1137
171, 1234
172, 932
173, 930
174, 1039
175, 931
176, 937
177, 930
178, 1132
179, 1330
180, 830
181, 1032
182, 936
183, 939
184, 834
185, 1030
186, 1037
187, 1131
188, 832
189, 1035
190, 933
191, 932
192, 838
193, 939
194, 833
195, 1038
196, 834
197, 938
198, 1033
199, 835
200, 1031
201, 836
202, 1037
203, 839
204, 1135
205, 1133
206, 1134
207, 1133
208, 1239
209, 1238
210, 1232
211, 1032
212, 1238
213, 1334
214, 1438
215, 1234
216, 1330
217, 1035
218, 1233
219, 1238
220, 1230
221, 1339
222, 1239
223, 1236
224, 1330
225, 1230
226, 1132
227, 1239
228, 834
229, 1039
230, 836
231, 935
232, 836
233, 939
234, 1132
235, 933
236, 837
237, 1032
238, 932
239, 837
240, 936
241, 833
242, 1232
243, 832
244, 1030
245, 930
246, 938
247, 833
248, 1030
249, 831
250, 1135
251, 832
252, 937
253, 930
254, 1035
255, 936
256, 939
257, 835
258, 1137
259, 838
260, 932
261, 1032
262, 931
263, 935
264, 834
265, 937
266, 838
267, 938
268, 837
269, 1035
270, 931
271, 1030
272, 833
273, 939
274, 1034
275, 937
276, 833
277, 1035
278, 933
279, 931
280, 933
281, 1033
282, 1334
283, 830
284, 1034
285, 934
286, 1030
287, 739
288, 1031
289, 1034
290, 1231
291, 833
292, 1034
293, 934
294, 1031
295, 831
296, 1239
297, 1031
298, 1733
299, 1237
300, 1436
301, 1536
302, 1431
303, 1437
304, 1539
305, 1839
306, 1730
307, 1532
308, 1536
309, 1634
310, 1533
311, 1530
312, 1133
313, 934
314, 1535
315, 1233
316, 939
317, 1038
318, 933
319, 933
320, 934
321, 938
322, 1038
323, 831
324, 1034
325, 935
326, 938
327, 837
328, 938
329, 1135
330, 1038
331, 831
332, 1032
333, 931
334, 934
335, 837
336, 936
337, 1035
338, 1033
339, 838
340, 936
341, 938
342, 839
343, 939
344, 832
345, 1035
346, 830
347, 938
348, 930
349, 1034
350, 833
351, 1030
352, 833
353, 1234
354, 833
355, 1033
356, 930
357, 1032
358, 834
359, 934
360, 839
361, 1033
362, 933
363, 930
364, 1035
365, 838
366, 1031
367, 836
368, 938
369, 931
370, 935
371, 930
372, 1031
373, 931
374, 934
375, 837
376, 935
377, 1037
378, 930
379, 936
380, 1338
381, 1434
382, 1438
383, 1430
384, 1532
385, 1435
386, 1435
387, 1436
388, 1533
389, 1434
390, 839
391, 634
392, 1238
393, 1633
394, 1432
395, 1538
396, 1433
397, 1334
398, 834
399, 837
400, 1136
401, 1134
402, 934
403, 933
404, 1038
405, 837
406, 933
407, 836
408, 1336
409, 933
410, 936
411, 930
412, 1039
413, 832
414, 1030
415, 838
416, 1232
417, 938
418, 932
419, 933
420, 1034
421, 837
422, 930
423, 937
424, 1135
425, 834
426, 834
427, 1036
428, 935
429, 937
430, 835
431, 939
432, 1037
433, 1130
434, 834
435, 1033
436, 937
437, 1031
438, 930
439, 936
440, 1034
441, 935
442, 933
443, 932
444, 1038
445, 931
446, 1030
447, 836
448, 1131
449, 1033
450, 937
451, 837
452, 1138
453, 832
454, 937
455, 834
456, 1138
457, 1037
458, 839
459, 933
460, 1037
461, 933
462, 833
463, 937
464, 1131
465, 1332
466, 831
467, 1035
468, 933
469, 1032
470, 832
471, 1030
472, 832
473, 1236
474, 834
475, 1033
476, 936
477, 1038
478, 838
479, 937
480, 1037
481, 1235
482, 1432
483, 1431
484, 1539
485, 1339
486, 1432
487, 1631
488, 1738
489, 1537
490, 1339
491, 1532
492, 1436
493, 1335
494, 1435
495, 1439
496, 1737
497, 1634
498, 838
499, 1433
500, 1535
501, 1134
502, 935
503, 939
504, 1031
505, 1038
506, 832
507, 1036
508, 932
509, 1038
510, 837
511, 1030
512, 1133
513, 1133
514, 830
515, 1032
516, 935
517, 935
518, 839
519, 936
520, 1135
521, 1132
522, 839
523, 932
524, 1039
525, 738
526, 939
527, 835
528, 1234
529, 932
530, 935
531, 839
532, 1131
533, 737
534, 938
535, 837
536, 1132
537, 936
538, 932
539, 932
540, 1035
541, 838
542, 933
543, 936
544, 1031
545, 1035
546, 739
547, 1032
548, 936
549, 938
550, 837
551, 938
552, 937
553, 1137
554, 831
555, 1030
556, 937
557, 935
558, 837
559, 934
560, 1134
561, 939
562, 838
563, 933
564, 1036
565, 834
566, 939
567, 1236
568, 1731
569, 1530
570, 1536
571, 1536
572, 1631
573, 1439
574, 1534
575, 1533
576, 1630
577, 1336
578, 1332
579, 1336
580, 1437
581, 1533
582, 1633
583, 1530
584, 1334
585, 1039
586, 834
587, 1531
588, 1237
589, 1036
590, 838
591, 938
592, 1132
593, 933
594, 834
595, 1036
596, 936
597, 1031
598, 838
599, 933
600, 1032
601, 1035
602, 838
603, 934
604, 1038
605, 834
606, 938
607, 832
608, 1135
609, 834
610, 936
611, 839
612, 1030
613, 833
614, 1030
615, 833
616, 1135
617, 739
618, 935
619, 935
620, 1033
621, 838
622, 933
623, 934
624, 935
625, 931
626, 833
627, 1035
628, 931
629, 936
630, 835
631, 938
632, 1038
633, 1038
634, 833
635, 1031
636, 839
637, 936
638, 836
639, 933
640, 837
641, 838
642, 839
643, 936
644, 1032
645, 832
646, 939
647, 832
648, 1435
649, 830
650, 1034
651, 930
652, 1034
653, 830
654, 938
655, 738
656, 1233
657, 1235
658, 1334
659, 1531
660, 1636
661, 1534
662, 1633
663, 1634
664, 1535
665, 1438
666, 1436
667, 1432
668, 1434
669, 1439
670, 1431
671, 1532
672, 1635
673, 1436
674, 1534
675, 1434
676, 1432
677, 1131
678, 932
679, 938
680, 1231
681, 837
682, 938
683, 933
684, 1033
685, 830
686, 939
687, 834
688, 1235
689, 831
690, 1035
691, 839
692, 1032
693, 738
694, 938
695, 832
696, 1233
697, 831
698, 1033
699, 934
700, 1032
701, 934
702, 933
703, 934
704, 1030
705, 934
706, 839
707, 1034
708, 934
709, 1032
710, 836
711, 935
712, 1136
713, 931
714, 835
715, 1034
716, 838
717, 932
718, 836
719, 932
720, 1036
721, 838
722, 934
723, 933
724, 937
725, 934
726, 1030
727, 832
728, 1137
729, 830
730, 1033
731, 931
732, 1035
733, 833
734, 937
735, 832
736, 1230
737, 831
738, 1030
739, 933
740, 936
741, 831
742, 930
743, 1337
744, 1339
745, 1333
746, 1530
747, 1636
748, 1635
749, 1439
750, 1530
751, 1438
752, 1330
753, 735
754, 1135
755, 1539
756, 1532
757, 1531
758, 1531
759, 1430
760, 831
761, 537
762, 538
763, 1239
764, 1435
765, 935
766, 1032
767, 937
768, 1236
769, 739
770, 938
771, 931
772, 1037
773, 833
774, 938
775, 834
776, 1233
777, 831
778, 933
779, 933
780, 1030
781, 933
782, 930
783, 934
784, 934
785, 1039
786, 830
787, 1033
788, 932
789, 936
790, 836
791, 935
792, 1037
793, 839
794, 833
795, 1032
796, 932
797, 930
798, 836
799, 932
800, 1232
801, 837
802, 938
803, 930
804, 1030
805, 738
806, 939
807, 936
808, 1238
809, 736
810, 1033
811, 934
812, 1030
813, 831
814, 937
815, 1131
816, 1131
817, 833
818, 939
819, 938
820, 933
821, 838
822, 837
823, 1131
824, 1132
825, 932
826, 839
827, 1032
828, 931
829, 933
830, 837
831, 1339
832, 1532
833, 1238
834, 1433
835, 1533
836, 1430
837, 1434
838, 1336
839, 1433
840, 1436
841, 1333
842, 1531
843, 1436
844, 1537
845, 1536
846, 1534
847, 1438
848, 1235
849, 1339
850, 1531
851, 1131
852, 1038
853, 1030
854, 934
855, 839
856, 1131
857, 832
858, 938
859, 932
860, 930
861, 839
862, 836
863, 932
864, 1033
865, 931
866, 834
867, 1033
868, 833
869, 931
870, 836
871, 934
872, 1030
873, 934
874, 837
875, 1031
876, 836
877, 838
878, 839
879, 838
880, 1239
881, 832
882, 1030
883, 839
884, 1034
885, 838
886, 1031
887, 738
888, 1136
889, 831
890, 1035
891, 930
892, 1031
893, 831
894, 939
895, 831
896, 1130
897, 835
898, 938
899, 1033
900, 837
901, 935
902, 835
903, 1135
904, 833
905, 936
906, 839
907, 1037
908, 932
909, 1032
910, 837
911, 1035
912, 1037
913, 935
914, 932
915, 1039
916, 838
917, 936
918, 930
919, 1036
920, 1037
921, 831
922, 1032
923, 934
924, 937
925, 835
926, 939
927, 1032
928, 1237
929, 1237
930, 1536
931, 1630
932, 1535
933, 1532
934, 1536
935, 1537
936, 1432
937, 1330
938, 1436
939, 1430
940, 1434
941, 1531
942, 1535
943, 1734
944, 1339
945, 1035
946, 1533
947, 1232
948, 930
949, 1035
950, 833
951, 1233
952, 738
953, 936
954, 933
955, 1031
956, 737
957, 931
958, 933
959, 1132
960, 1035
961, 831
962, 1033
963, 838
964, 1030
965, 837
966, 938
967, 1032
968, 1036
969, 830
970, 1033
971, 839
972, 934
973, 836
974, 933
975, 1032
976, 838
977, 839
978, 936
979, 1032
980, 836
981, 938
982, 833
983, 1232
984, 738
985, 937
986, 838
987, 1033
988, 830
989, 939
990, 831
991, 1033
992, 834
993, 1032
994, 935
995, 1036
996, 930
997, 930
998, 1033
999, 831
1000, 934
1001, 931
1002, 1033
1003, 835
1004, 937
1005, 836
1006, 934
1007, 1036
1008, 932
1009, 835
1010, 1032
1011, 930
1012, 931
1013, 836
1014, 933
1015, 937
1016, 838
1017, 936
1018, 931
1019, 735
1020, 1635
1021, 1536
1022, 1632
1023, 1538
1024, 1132
1025, 1632
1026, 1535
1027, 1631
1028, 1530
1029, 1437
1030, 1432
1031, 1133
1032, 1030
1033, 1531
1034, 1539
1035, 1632
1036, 1536
1037, 1631
1038, 1530
1039, 936
1040, 1430
1041, 1037
1042, 1039
1043, 836
1044, 937
1045, 834
1046, 1136
1047, 635
1048, 937
1049, 932
1050, 1039
1051, 836
1052, 939
1053, 838
1054, 1138
1055, 939
1056, 836
1057, 1032
1058, 937
1059, 935
1060, 837
1061, 938
1062, 934
1063, 937
1064, 831
1065, 1034
1066, 937
1067, 938
1068, 838
1069, 938
1070, 1130
1071, 1033
1072, 832
1073, 1031
1074, 935
1075, 836
1076, 932
1077, 834
1078, 1035
1079, 835
1080, 937
1081, 931
1082, 1032
1083, 831
1084, 939
1085, 832
1086, 1133
1087, 739
1088, 935
1089, 930
1090, 1035
1091, 833
1092, 936
1093, 834
1094, 934
1095, 839
1096, 836
1097, 1032
1098, 838
1099, 1030
1100, 837
1101, 935
1102, 1033
1103, 934
1104, 839
1105, 1130
1106, 836
1107, 931
1108, 1234
1109, 1538
1110, 1730
1111, 1432
1112, 1534
1113, 1538
1114, 1436
1115, 35
1116, 1638
1117, 1633
1118, 1536
1119, 1532
1120, 1539
1121, 1633
1122, 1533
1123, 1531
1124, 1333
1125, 1236
1126, 1335
1127, 835
1128, 1035
1129, 936
1130, 939
1131, 831
1132, 935
1133, 1038
1134, 1133
1135, 931
1136, 930
1137, 1037
1138, 838
1139, 932
1140, 835
1141, 1134
1142, 1132
1143, 936
1144, 930
1145, 1130
1146, 932
1147, 1030
1148, 838
1149, 1037
1150, 1131
1151, 932
1152, 935
1153, 938
1154, 933
1155, 838
1156, 938
1157, 1136
1158, 1030
1159, 831
1160, 1033
1161, 934
1162, 933
1163, 839
1164, 937
1165, 1039
1166, 1036
1167, 831
1168, 1030
1169, 935
1170, 932
1171, 838
1172, 930
1173, 1138
1174, 935
1175, 934
1176, 930
1177, 1039
1178, 832
1179, 939
1180, 833
1181, 1038
1182, 934
1183, 934
1184, 930
1185, 1039
1186, 834
1187, 938
1188, 836
1189, 1138
1190, 936
1191, 838
1192, 1238
1193, 1437
1194, 1436
1195, 1534
1196, 1335
1197, 1630
1198, 1436
1199, 1530
1200, 1533
1201, 1532
1202, 1436
1203, 1437
1204, 1432
1205, 1431
1206, 1433
1207, 1432
1208, 1630
1209, 1438
1210, 939
1211, 1430
1212, 1334
1213, 1135
1214, 835
1215, 938
1216, 932
1217, 939
1218, 932
1219, 1032
1220, 833
1221, 1333
1222, 831
1223, 935
1224, 931
1225, 1035
1226, 733
1227, 935
1228, 834
1229, 1136
1230, 837
1231, 934
1232, 1030
1233, 932
1234, 938
1235, 836
1236, 936
1237, 1230
1238, 936
1239, 839
1240, 1035
1241, 931
1242, 932
1243, 837
1244, 935
1245, 1135
1246, 933
1247, 931
1248, 1037
1249, 932
1250, 930
1251, 934
1252, 937
1253, 1133
1254, 831
1255, 1035
1256, 937
1257, 1033
1258, 838
1259, 1031
1260, 1132
1261, 1336
1262, 831
1263, 1035
1264, 935
1265, 936
1266, 930
1267, 937
1268, 1032
1269, 1137
1270, 837
1271, 935
1272, 1038
1273, 835
1274, 935
1275, 835
1276, 1334
1277, 939
1278, 936
1279, 931
1280, 1039
1281, 838
1282, 938
1283, 838
1284, 1236
1285, 1235
1286, 1439
1287, 1433
1288, 1533
1289, 1436
1290, 1536
1291, 1035
1292, 1534
1293, 1539
1294, 1535
1295, 1631
1296, 1630
1297, 1430
1298, 933
1299, 1531
1300, 1731
1301, 1632
1302, 1532
1303, 1630
1304, 1532
1305, 1431
1306, 1233
1307, 1035
1308, 1237
1309, 1332
1310, 837
1311, 933
1312, 1038
1313, 832
1314, 939
1315, 833
1316, 1330
1317, 933
1318, 934
1319, 931
1320, 1130
1321, 831
1322, 936
1323, 835
1324, 1431
1325, 932
1326, 838
1327, 935
1328, 939
1329, 837
1330, 838
1331, 936
1332, 1037
1333, 1038
1334, 739
1335, 1034
1336, 933
1337, 934
1338, 836
1339, 936
1340, 1232
1341, 1030
1342, 831
1343, 1033
1344, 938
1345, 937
1346, 930
1347, 933
1348, 1230
1349, 833
1350, 935
1351, 934
1352, 1039
1353, 831
1354, 1037
1355, 738
1356, 1439
1357, 831
1358, 1033
1359, 832
1360, 1137
1361, 731
1362, 1033
1363, 833
1364, 1230
1365, 934
1366, 931
1367, 936
1368, 938
1369, 835
1370, 834
1371, 1234
1372, 1437
1373, 1338
1374, 1331
1375, 1438
1376, 1434
1377, 1339
1378, 1331
1379, 1434
1380, 1636
1381, 1432
1382, 1331
1383, 1339
1384, 1432
1385, 1436
1386, 1436
1387, 1530
1388, 1434
1389, 731
1390, 1334
1391, 1034
1392, 1132
1393, 935
1394, 1034
1395, 834
1396, 1433
1397, 738
1398, 1031
1399, 931
1400, 1031
1401, 832
1402, 938
1403, 834
1404, 1132
1405, 835
1406, 935
1407, 938
1408, 938
1409, 934
1410, 837
1411, 934
1412, 1032
1413, 934
1414, 839
1415, 1039
1416, 838
1417, 931
1418, 835
1419, 1330
1420, 1130
1421, 932
1422, 932
1423, 1036
1424, 937
1425, 931
1426, 931
1427, 1036
1428, 1232
1429, 830
1430, 1037
1431, 932
1432, 1133
1433, 833
1434, 1035
1435, 933
1436, 1238
1437, 739
1438, 1034
1439, 935
1440, 1035
1441, 837
1442, 936
1443, 1132
1444, 1035
1445, 837
1446, 934
1447, 1038
1448, 931
1449, 933
1450, 835
1451, 1432
1452, 1339
1453, 1236
1454, 1333
1455, 1435
1456, 1336
1457, 936
1458, 1339
1459, 1534
1460, 1439
1461, 1435
1462, 839
1463, 934
1464, 1335
1465, 1332
1466, 1332
1467, 937
1468, 1534
1469, 939
1470, 1036
1471, 931
1472, 1035
1473, 831
1474, 1031
1475, 833
1476, 1138
1477, 834
1478, 1034
1479, 934
1480, 1035
1481, 832
1482, 938
1483, 1036
1484, 1037
1485, 930
1486, 931
1487, 1036
1488, 836
1489, 934
1490, 832
1491, 1136
1492, 930
1493, 1134
1494, 733
1495, 1233
1496, 736
1497, 1131
1498, 730
1499, 1133
1500, 831
1501, 1035
1502, 838
1503, 1031
1504, 1131
1505, 831
1506, 1230
1507, 1038
1508, 1238
1509, 731
1510, 1232
1511, 838
1512, 1036
1513, 738
1514, 1130
1515, 931
1516, 1237
1517, 735
1518, 1131
1519, 931
1520, 936
1521, 837
1522, 932
1523, 1035
1524, 833
1525, 1031
1526, 837
1527, 1230
1528, 737
1529, 1036
1530, 832
1531, 1130
1532, 930
1533, 1032
1534, 838
1535, 1136
1536, 738
1537, 1034
1538, 835
1539, 1337
1540, 932
1541, 1234
1542, 1235
1543, 1531
1544, 1333
1545, 1331
1546, 1433
1547, 1439
1548, 1533
1549, 1337
1550, 1339
1551, 1430
1552, 1432
1553, 1032
1554, 1431
1555, 1439
1556, 1333
1557, 1232
1558, 833
1559, 1034
1560, 1137
1561, 935
1562, 931
1563, 1239
1564, 830
1565, 1032
1566, 836
1567, 1034
1568, 834
1569, 1035
1570, 830
1571, 1233
1572, 735
1573, 1031
1574, 838
1575, 1134
1576, 737
1577, 1034
1578, 739
1579, 937
1580, 836
1581, 938
1582, 1030
1583, 931
1584, 1035
1585, 739
1586, 1035
1587, 1038
1588, 1033
1589, 739
1590, 1133
1591, 836
1592, 1032
1593, 835
1594, 939
1595, 1230
1596, 937
1597, 838
1598, 1034
1599, 836
1600, 839
1601, 933
1602, 1130
1603, 1138
1604, 834
1605, 1037
1606, 937
1607, 1038
1608, 835
1609, 1035
1610, 736
1611, 1139
1612, 833
1613, 1035
1614, 937
1615, 1139
1616, 1438
1617, 1636
1618, 1534
1619, 1632
1620, 1438
1621, 1530
1622, 1531
1623, 1437
1624, 1534
1625, 1531
1626, 1531
1627, 1532
1628, 1530
1629, 1633
1630, 1538
1631, 1437
1632, 832
1633, 737
1634, 1830
1635, 1335
1636, 939
1637, 935
1638, 1039
1639, 837
1640, 936
1641, 932
1642, 1230
1643, 1036
1644, 831
1645, 1036
1646, 936
1647, 938
1648, 838
1649, 939
1650, 934
1651, 1038
1652, 830
1653, 1033
1654, 930
1655, 933
1656, 835
1657, 937
1658, 939
1659, 1033
1660, 837
1661, 934
1662, 1031
1663, 830
1664, 1031
1665, 834
1666, 1038
1667, 935
1668, 938
1669, 839
1670, 1132
1671, 834
1672, 1031
1673, 835
1674, 1331
1675, 833
1676, 933
1677, 933
1678, 1035
1679, 831
1680, 930
1681, 934
1682, 936
1683, 1035
1684, 830
1685, 1034
1686, 837
1687, 934
1688, 835
1689, 934
1690, 1234
1691, 932
1692, 932
1693, 1034
1694, 933
1695, 938
1696, 1232
1697, 1633
1698, 1930
1699, 1533
1700, 1536
1701, 1635
1702, 1534
1703, 1530
1704, 1531
1705, 1438
1706, 1533
1707, 837
1708, 1530
1709, 1536
1710, 1636
1711, 1530
1712, 1330
1713, 1031
1714, 1538
1715, 937
1716, 1037
1717, 937
1718, 934
1719, 838
1720, 930
1721, 938
1722, 937
1723, 936
1724, 839
1725, 1035
1726, 931
1727, 935
1728, 835
1729, 1036
1730, 1037
1731, 934
1732, 930
1733, 1130
1734, 831
1735, 1030
1736, 837
1737, 1037
1738, 832
1739, 839
1740, 1130
1741, 835
1742, 1134
1743, 732
1744, 1231
1745, 1031
1746, 1331
1747, 638
1748, 1239
1749, 735
1750, 1233
1751, 639
1752, 1139
1753, 832
1754, 1333
1755, 733
1756, 1039
1757, 1032
1758, 838
1759, 1131
1760, 733
1761, 1436
1762, 734
1763, 1230
1764, 637
1765, 1338
1766, 633
1767, 1238
1768, 637
1769, 1434
1770, 738
1771, 1135
1772, 735
1773, 1231
1774, 733
1775, 1037
1776, 830
1777, 1238
1778, 933
1779, 734
1780, 1233
1781, 734
1782, 1231
1783, 636
1784, 1235
1785, 835
1786, 1232
1787, 634
1788, 1238
1789, 732
1790, 1133
1791, 732
1792, 1135
1793, 936
1794, 1131
1795, 830
1796, 1036
1797, 1036
1798, 832
1799, 1135
1800, 638
1801, 1432
1802, 633
1803, 1332
1804, 730
1805, 1236
