1, 1430
2, 631
3, 1334
4, 539
5, 1731
6, 732
7, 1235
8, 639
9, 1337
10, 639
11, 1235
12, 637
13, 1337
14, 831
15, 1036
16, 837
17, 1034
18, 932
19, 735
20, 1139
21, 738
22, 1233
23, 630
24, 1431
25, 636
26, 1238
27, 631
28, 1235
29, 932
30, 1335
31, 635
32, 1235
33, 732
34, 1038
35, 830
36, 1033
37, 931
38, 834
39, 1131
40, 732
41, 1335
42, 538
43, 1335
44, 537
45, 1539
46, 538
47, 1338
48, 638
49, 1330
50, 631
51, 1233
52, 635
53, 1437
54, 731
55, 1131
56, 838
57, 939
58, 937
59, 736
60, 1331
61, 834
62, 1238
63, 636
64, 1436
65, 539
66, 1232
67, 632
68, 1532
69, 836
70, 1137
71, 734
72, 1239
73, 732
74, 1131
75, 739
76, 1036
77, 1239
78, 739
79, 1131
80, 738
81, 1138
82, 637
83, 1230
84, 737
85, 1534
86, 636
87, 1231
88, 832
89, 1231
90, 732
91, 1039
92, 833
93, 1236
94, 736
95, 1039
96, 935
97, 1030
98, 837
99, 834
100, 1133
101, 936
102, 1036
103, 738
104, 1139
105, 738
106, 1036
107, 733
108, 1037
109, 930
110, 1035
111, 831
112, 1133
113, 833
114, 1034
115, 831
116, 1033
117, 1139
118, 835
119, 1034
120, 839
121, 1136
122, 731
123, 1131
124, 931
125, 1333
126, 639
127, 1231
128, 832
129, 1230
130, 639
131, 1132
132, 932
133, 1235
134, 736
135, 1039
136, 930
137, 1032
138, 932
139, 833
140, 1035
141, 934
142, 1037
143, 832
144, 1135
145, 830
146, 1031
147, 738
148, 1034
149, 1032
150, 1034
151, 834
152, 1039
153, 831
154, 938
155, 936
156, 1037
157, 939
158, 936
159, 937
160, 939
161, 1033
162, 934
163, 1033
164, 935
165, 1038
166, 934
167, 1034
168, 933
169, 1037
170, 930
171, 1036
172, 838
173, 1130
174, 930
175, 1032
176, 931
177, 1035
178, 931
179, 832
180, 1030
181, 1337
182, 1430
183, 1634
184, 1539
185, 1335
186, 1339
187, 1033
188, 1034
189, 937
190, 1030
191, 837
192, 1236
193, 1537
194, 1734
195, 1533
196, 1432
197, 1337
198, 1534
199, 1530
200, 1334
201, 1134
202, 837
203, 937
204, 830
205, 1234
206, 738
207, 1030
208, 838
209, 1036
210, 832
211, 1032
212, 739
213, 1435
214, 738
215, 938
216, 930
217, 1033
218, 939
219, 932
220, 933
221, 1033
222, 935
223, 738
224, 1035
225, 839
226, 938
227, 833
228, 938
229, 1034
230, 936
231, 838
232, 1037
233, 839
234, 1037
235, 933
236, 1032
237, 935
238, 938
239, 939
240, 933
241, 1034
242, 932
243, 1039
244, 931
245, 1038
246, 930
247, 1035
248, 930
249, 1037
250, 931
251, 1033
252, 930
253, 1035
254, 932
255, 1032
256, 933
257, 939
258, 939
259, 937
260, 1031
261, 938
262, 939
263, 934
264, 1031
265, 937
266, 936
267, 930
268, 1031
269, 931
270, 937
271, 1039
272, 1436
273, 1430
274, 1537
275, 1337
276, 1631
277, 1339
278, 1135
279, 1036
280, 1033
281, 1132
282, 833
283, 1337
284, 1438
285, 1632
286, 1039
287, 1439
288, 1332
289, 1236
290, 1237
291, 1635
292, 1736
293, 1333
294, 739
295, 1031
296, 938
297, 1030
298, 933
299, 932
300, 1434
301, 839
302, 936
303, 932
304, 1131
305, 831
306, 1035
307, 835
308, 1239
309, 834
310, 938
311, 931
312, 1130
313, 834
314, 939
315, 835
316, 1039
317, 935
318, 839
319, 936
320, 939
321, 933
322, 834
323, 938
324, 1037
325, 1030
326, 932
327, 1035
328, 939
329, 1033
330, 839
331, 1032
332, 934
333, 1034
334, 932
335, 1034
336, 933
337, 1032
338, 937
339, 936
340, 1031
341, 931
342, 1033
343, 930
344, 1035
345, 930
346, 1037
347, 934
348, 1037
349, 931
350, 1035
351, 931
352, 1034
353, 931
354, 1036
355, 931
356, 1033
357, 934
358, 1136
359, 936
360, 1437
361, 1531
362, 1636
363, 1331
364, 1436
365, 1538
366, 1237
367, 1139
368, 939
369, 937
370, 836
371, 1031
372, 1232
373, 1333
374, 1336
375, 1639
376, 1232
377, 1632
378, 1335
379, 1532
380, 1431
381, 1730
382, 1532
383, 1232
384, 1137
385, 830
386, 1031
387, 835
388, 1233
389, 931
390, 934
391, 932
392, 1039
393, 834
394, 1035
395, 835
396, 1137
397, 935
398, 930
399, 936
400, 1031
401, 932
402, 930
403, 937
404, 930
405, 1033
406, 832
407, 1035
408, 936
409, 1031
410, 836
411, 937
412, 935
413, 1038
414, 830
415, 1033
416, 937
417, 937
418, 836
419, 931
420, 1038
421, 936
422, 933
423, 930
424, 1130
425, 832
426, 1034
427, 835
428, 1230
429, 934
430, 935
431, 930
432, 1130
433, 830
434, 938
435, 835
436, 1131
437, 837
438, 933
439, 935
440, 1032
441, 930
442, 837
443, 937
444, 1033
445, 1039
446, 738
447, 1036
448, 935
449, 938
450, 835
451, 1030
452, 1132
453, 1037
454, 830
455, 1034
456, 839
457, 1430
458, 1437
459, 1530
460, 1439
461, 931
462, 1230
463, 1130
464, 1133
465, 839
466, 1033
467, 836
468, 1133
469, 934
470, 1335
471, 1534
472, 1637
473, 1436
474, 1432
475, 1431
476, 1839
477, 1536
478, 1239
479, 1034
480, 1036
481, 932
482, 836
483, 938
484, 1034
485, 1037
486, 739
487, 1037
488, 936
489, 1030
490, 837
491, 938
492, 1031
493, 1030
494, 833
495, 1032
496, 936
497, 934
498, 930
499, 931
500, 1031
501, 1030
502, 933
503, 931
504, 1038
505, 833
506, 939
507, 834
508, 1230
509, 836
510, 937
511, 932
512, 1131
513, 738
514, 937
515, 838
516, 1038
517, 935
518, 839
519, 934
520, 1032
521, 836
522, 838
523, 937
524, 1137
525, 836
526, 834
527, 1034
528, 934
529, 1030
530, 837
531, 936
532, 1035
533, 939
534, 831
535, 1032
536, 936
537, 931
538, 930
539, 933
540, 1130
541, 838
542, 935
543, 931
544, 1039
545, 837
546, 1031
547, 836
548, 1137
549, 930
550, 936
551, 931
552, 1132
553, 830
554, 1033
555, 834
556, 1232
557, 1233
558, 1533
559, 1439
560, 1530
561, 1336
562, 1338
563, 1135
564, 1135
565, 1334
566, 831
567, 1037
568, 936
569, 1232
570, 1538
571, 1432
572, 1537
573, 1539
574, 1335
575, 1433
576, 1536
577, 1633
578, 1438
579, 1131
580, 1136
581, 939
582, 935
583, 931
584, 1037
585, 834
586, 1035
587, 838
588, 1338
589, 634
590, 1030
591, 932
592, 1132
593, 835
594, 1031
595, 837
596, 1131
597, 1031
598, 932
599, 937
600, 1032
601, 839
602, 838
603, 939
604, 934
605, 1036
606, 835
607, 1036
608, 937
609, 936
610, 838
611, 939
612, 1132
613, 1036
614, 833
615, 1033
616, 937
617, 938
618, 935
619, 935
620, 939
621, 730
622, 1030
623, 933
624, 1039
625, 831
626, 1030
627, 837
628, 1239
629, 1033
630, 937
631, 931
632, 1130
633, 736
634, 1032
635, 835
636, 1137
637, 936
638, 932
639, 937
640, 1031
641, 937
642, 839
643, 1033
644, 932
645, 1132
646, 834
647, 1035
648, 1033
649, 1035
650, 1438
651, 1535
652, 1431
653, 1134
654, 1137
655, 1135
656, 1032
657, 1030
658, 933
659, 935
660, 1238
661, 1431
662, 1334
663, 1633
664, 1632
665, 1433
666, 1533
667, 1434
668, 1633
669, 1536
670, 1637
671, 1133
672, 1133
673, 833
674, 1030
675, 837
676, 1231
677, 1033
678, 839
679, 937
680, 939
681, 936
682, 839
683, 939
684, 933
685, 739
686, 836
687, 1034
688, 936
689, 1030
690, 836
691, 1031
692, 1033
693, 1138
694, 831
695, 1031
696, 936
697, 933
698, 933
699, 930
700, 1139
701, 937
702, 932
703, 930
704, 1132
705, 830
706, 1032
707, 838
708, 1131
709, 936
710, 935
711, 932
712, 1039
713, 837
714, 1030
715, 930
716, 1234
717, 734
718, 933
719, 939
720, 1032
721, 1038
722, 838
723, 1031
724, 937
725, 1231
726, 832
727, 1037
728, 939
729, 1037
730, 837
731, 939
732, 1137
733, 1335
734, 830
735, 1032
736, 938
737, 936
738, 935
739, 932
740, 1234
741, 1132
742, 933
743, 930
744, 1133
745, 833
746, 1230
747, 1430
748, 1730
749, 1438
750, 1435
751, 1239
752, 1334
753, 1339
754, 1233
755, 937
756, 1334
757, 1131
758, 839
759, 1034
760, 1533
761, 1630
762, 1637
763, 1532
764, 1533
765, 1337
766, 1634
767, 1638
768, 1431
769, 1038
770, 930
771, 1030
772, 1035
773, 1030
774, 833
775, 938
776, 939
777, 837
778, 934
779, 839
780, 1233
781, 933
782, 931
783, 930
784, 1131
785, 833
786, 1031
787, 834
788, 1236
789, 738
790, 936
791, 931
792, 1032
793, 831
794, 937
795, 836
796, 936
797, 835
798, 838
799, 1032
800, 932
801, 935
802, 835
803, 934
804, 1035
805, 1039
806, 831
807, 1031
808, 934
809, 936
810, 836
811, 935
812, 1132
813, 936
814, 834
815, 1031
816, 933
817, 837
818, 933
819, 834
820, 1139
821, 830
822, 938
823, 932
824, 1033
825, 833
826, 1030
827, 835
828, 1135
829, 832
830, 937
831, 931
832, 1030
833, 739
834, 936
835, 834
836, 1136
837, 1031
838, 835
839, 1033
840, 1232
841, 1233
842, 1435
843, 1630
844, 1434
845, 1335
846, 1235
847, 1432
848, 1132
849, 1033
850, 930
851, 937
852, 1036
853, 930
854, 838
855, 1538
856, 1333
857, 1538
858, 1438
859, 1337
860, 1535
861, 1433
862, 1439
863, 1633
864, 1330
865, 930
866, 1032
867, 834
868, 1335
869, 936
870, 932
871, 839
872, 1033
873, 832
874, 936
875, 835
876, 836
877, 1032
878, 832
879, 1032
880, 931
881, 934
882, 835
883, 936
884, 1130
885, 934
886, 833
887, 1034
888, 932
889, 931
890, 836
891, 936
892, 938
893, 839
894, 836
895, 939
896, 938
897, 837
898, 936
899, 834
900, 1130
901, 938
902, 935
903, 931
904, 1033
905, 835
906, 938
907, 834
908, 1231
909, 933
910, 933
911, 930
912, 1031
913, 834
914, 937
915, 836
916, 939
917, 839
918, 835
919, 1032
920, 932
921, 933
922, 835
923, 1030
924, 1131
925, 933
926, 833
927, 1035
928, 933
929, 1030
930, 836
931, 937
932, 839
933, 1038
934, 832
935, 1030
936, 932
937, 837
938, 939
939, 832
940, 939
941, 1131
942, 932
943, 1431
944, 1438
945, 1537
946, 1632
947, 1438
948, 1333
949, 937
950, 1030
951, 932
952, 1039
953, 836
954, 936
955, 839
956, 1131
957, 830
958, 1533
959, 1635
960, 1637
961, 1535
962, 1432
963, 1236
964, 1533
965, 1436
966, 1139
967, 1137
968, 933
969, 936
970, 838
971, 934
972, 1031
973, 930
974, 932
975, 937
976, 930
977, 832
978, 937
979, 833
980, 1136
981, 832
982, 1034
983, 930
984, 1031
985, 834
986, 938
987, 1035
988, 1039
989, 831
990, 1031
991, 937
992, 937
993, 830
994, 934
995, 1239
996, 1037
997, 930
998, 932
999, 1039
1000, 836
1001, 932
1002, 836
1003, 1335
1004, 1036
1005, 935
1006, 931
1007, 1033
1008, 838
1009, 930
1010, 836
1011, 933
1012, 1232
1013, 930
1014, 938
1015, 939
1016, 936
1017, 835
1018, 938
1019, 934
1020, 1234
1021, 831
1022, 1034
1023, 933
1024, 1030
1025, 830
1026, 937
1027, 1133
1028, 1231
1029, 831
1030, 1032
1031, 937
1032, 1031
1033, 832
1034, 933
1035, 1139
1036, 1132
1037, 933
1038, 930
1039, 1034
1040, 837
1041, 932
1042, 835
1043, 937
1044, 1232
1045, 1332
1046, 1534
1047, 1533
1048, 1337
1049, 1031
1050, 1334
1051, 1131
1052, 1130
1053, 931
1054, 1031
1055, 1032
1056, 1033
1057, 832
1058, 1331
1059, 1538
1060, 1639
1061, 1630
1062, 1531
1063, 1435
1064, 1430
1065, 1535
1066, 1633
1067, 1731
1068, 1334
1069, 839
1070, 1034
1071, 935
1072, 1031
1073, 835
1074, 932
1075, 931
1076, 1036
1077, 935
1078, 931
1079, 1034
1080, 932
1081, 937
1082, 836
1083, 932
1084, 1235
1085, 935
1086, 932
1087, 1036
1088, 933
1089, 930
1090, 838
1091, 937
1092, 1137
1093, 837
1094, 938
1095, 939
1096, 1035
1097, 831
1098, 938
1099, 1135
1100, 1034
1101, 834
1102, 1035
1103, 931
1104, 1033
1105, 830
1106, 937
1107, 833
1108, 1039
1109, 835
1110, 1036
1111, 935
1112, 1033
1113, 835
1114, 930
1115, 933
1116, 1332
1117, 934
1118, 931
1119, 1035
1120, 930
1121, 934
1122, 836
1123, 1037
1124, 1033
1125, 936
1126, 930
1127, 1038
1128, 838
1129, 931
1130, 930
1131, 1030
1132, 938
1133, 839
1134, 939
1135, 935
1136, 1033
1137, 831
1138, 939
1139, 832
1140, 1233
1141, 1031
1142, 1031
1143, 1632
1144, 1538
1145, 1531
1146, 1338
1147, 936
1148, 1633
1149, 939
1150, 1039
1151, 935
1152, 1034
1153, 838
1154, 933
1155, 1037
1156, 1437
1157, 1331
1158, 1635
1159, 1636
1160, 1635
1161, 1534
1162, 1530
1163, 1634
1164, 1534
1165, 1632
1166, 1535
1167, 1334
1168, 936
1169, 933
1170, 930
1171, 932
1172, 1139
1173, 838
1174, 1032
1175, 931
1176, 1035
1177, 833
1178, 939
1179, 832
1180, 1235
1181, 831
1182, 1032
1183, 839
1184, 1033
1185, 831
1186, 939
1187, 833
1188, 1132
1189, 833
1190, 1030
1191, 934
1192, 938
1193, 931
1194, 837
1195, 935
1196, 1036
1197, 933
1198, 931
1199, 1032
1200, 930
1201, 934
1202, 837
1203, 936
1204, 1233
1205, 931
1206, 836
1207, 1033
1208, 933
1209, 930
1210, 837
1211, 932
1212, 1138
1213, 836
1214, 937
1215, 932
1216, 1032
1217, 830
1218, 939
1219, 832
1220, 1135
1221, 832
1222, 1036
1223, 934
1224, 1037
1225, 833
1226, 938
1227, 937
1228, 1038
1229, 832
1230, 1032
1231, 932
1232, 1237
1233, 838
1234, 1330
1235, 1530
1236, 1731
1237, 1339
1238, 1431
1239, 1430
1240, 1234
1241, 1038
1242, 930
1243, 1039
1244, 835
1245, 937
1246, 933
1247, 1132
1248, 830
1249, 1030
1250, 1139
1251, 1831
1252, 1735
1253, 1536
1254, 1433
1255, 1436
1256, 1436
1257, 1435
1258, 1438
1259, 1237
1260, 1033
1261, 834
1262, 1036
1263, 936
1264, 937
1265, 838
1266, 938
1267, 1138
1268, 1032
1269, 835
1270, 1031
1271, 1032
1272, 933
1273, 937
1274, 930
1275, 1139
1276, 638
1277, 939
1278, 931
1279, 1130
1280, 833
1281, 1033
1282, 836
1283, 1233
1284, 1034
1285, 934
1286, 931
1287, 1130
1288, 832
1289, 938
1290, 837
1291, 1335
1292, 1030
1293, 836
1294, 1034
1295, 1030
1296, 935
1297, 838
1298, 1030
1299, 1037
1300, 1039
1301, 834
1302, 1036
1303, 937
1304, 1030
1305, 931
1306, 1030
1307, 1033
1308, 738
1309, 838
1310, 1030
1311, 1032
1312, 933
1313, 936
1314, 838
1315, 1136
1316, 1031
1317, 935
1318, 930
1319, 1039
1320, 834
1321, 1030
1322, 835
1323, 1133
1324, 1139
1325, 935
1326, 932
1327, 1132
1328, 834
1329, 938
1330, 930
1331, 1431
1332, 1231
1333, 833
1334, 1030
1335, 938
1336, 936
1337, 832
1338, 939
1339, 1133
1340, 932
1341, 833
1342, 1031
1343, 935
1344, 1031
1345, 838
1346, 939
1347, 1135
1348, 1038
1349, 834
1350, 1032
1351, 1033
1352, 938
1353, 937
1354, 930
1355, 1238
1356, 1131
1357, 938
1358, 931
1359, 1039
1360, 837
1361, 1035
1362, 838
1363, 1237
1364, 1034
1365, 932
1366, 931
1367, 1130
1368, 833
1369, 932
1370, 838
1371, 1130
