1, 1130
2, 738
3, 1135
4, 1035
5, 938
6, 930
7, 1032
8, 1030
9, 831
10, 1039
11, 935
12, 1133
13, 730
14, 1139
15, 834
16, 1131
17, 730
18, 1130
19, 735
20, 1335
21, 732
22, 1137
23, 836
24, 1037
25, 734
26, 1030
27, 1231
28, 1039
29, 938
30, 836
31, 1133
32, 838
33, 1037
34, 737
35, 1038
36, 1132
37, 1036
38, 739
39, 1134
40, 732
41, 1034
42, 736
43, 1035
44, 933
45, 1032
46, 836
47, 1030
48, 1031
49, 830
50, 1034
51, 735
52, 1331
53, 734
54, 1137
55, 836
56, 1132
57, 737
58, 1132
59, 931
60, 1333
61, 733
62, 1133
63, 830
64, 1138
65, 733
66, 1032
67, 835
68, 1036
69, 933
70, 837
71, 1131
72, 835
73, 1034
74, 736
75, 1035
76, 932
77, 1036
78, 831
79, 1135
80, 832
81, 1139
82, 739
83, 1133
84, 1031
85, 1034
86, 931
87, 1031
88, 1031
89, 638
90, 1131
91, 636
92, 1432
93, 633
94, 1331
95, 732
96, 1332
97, 730
98, 1234
99, 735
100, 1538
101, 739
102, 1232
103, 835
104, 1232
105, 833
106, 1134
107, 839
108, 936
109, 1130
110, 834
111, 1331
112, 838
113, 1336
114, 931
115, 1337
116, 1035
117, 1337
118, 939
119, 1338
120, 938
121, 1037
122, 736
123, 931
124, 831
125, 833
126, 732
127, 935
128, 835
129, 833
130, 932
131, 737
132, 1138
133, 731
134, 937
135, 830
136, 1035
137, 738
138, 1030
139, 738
140, 1236
141, 837
142, 935
143, 837
144, 1030
145, 738
146, 938
147, 830
148, 1130
149, 933
150, 837
151, 939
152, 931
153, 935
154, 835
155, 936
156, 937
157, 934
158, 832
159, 1037
160, 930
161, 936
162, 835
163, 938
164, 938
165, 1030
166, 834
167, 1035
168, 938
169, 939
170, 934
171, 935
172, 1231
173, 839
174, 1033
175, 935
176, 1032
177, 739
178, 939
179, 832
180, 839
181, 1335
182, 1630
183, 1432
184, 1538
185, 1435
186, 1339
187, 1437
188, 1636
189, 1532
190, 1536
191, 1335
192, 832
193, 837
194, 830
195, 1037
196, 1038
197, 1232
198, 1030
199, 1134
200, 836
201, 935
202, 837
203, 1038
204, 938
205, 938
206, 930
207, 1035
208, 838
209, 930
210, 838
211, 1037
212, 936
213, 833
214, 939
215, 935
216, 935
217, 835
218, 935
219, 939
220, 1036
221, 738
222, 1030
223, 934
224, 839
225, 837
226, 1031
227, 1037
228, 1233
229, 834
230, 1032
231, 1032
232, 835
233, 933
234, 836
235, 1037
236, 935
237, 934
238, 931
239, 1034
240, 739
241, 935
242, 830
243, 1039
244, 930
245, 838
246, 836
247, 1034
248, 739
249, 936
250, 836
251, 1331
252, 937
253, 836
254, 1033
255, 1030
256, 937
257, 931
258, 1033
259, 1136
260, 1133
261, 835
262, 1036
263, 1032
264, 937
265, 836
266, 938
267, 931
268, 1031
269, 832
270, 1032
271, 839
272, 836
273, 833
274, 1432
275, 1633
276, 1631
277, 1337
278, 1038
279, 1435
280, 1631
281, 1531
282, 939
283, 737
284, 837
285, 1437
286, 1133
287, 1132
288, 832
289, 1031
290, 835
291, 1131
292, 935
293, 930
294, 936
295, 1030
296, 936
297, 931
298, 937
299, 938
300, 1032
301, 835
302, 1034
303, 935
304, 936
305, 837
306, 936
307, 1038
308, 1034
309, 834
310, 1034
311, 937
312, 937
313, 838
314, 934
315, 1034
316, 938
317, 930
318, 931
319, 1034
320, 833
321, 939
322, 835
323, 1135
324, 733
325, 937
326, 932
327, 1037
328, 837
329, 1030
330, 835
331, 1333
332, 934
333, 839
334, 932
335, 1032
336, 937
337, 930
338, 932
339, 939
340, 1139
341, 831
342, 1033
343, 935
344, 939
345, 838
346, 1032
347, 1234
348, 1035
349, 834
350, 1034
351, 1030
352, 938
353, 931
354, 1030
355, 1030
356, 739
357, 937
358, 1030
359, 1130
360, 837
361, 1030
362, 838
363, 1230
364, 932
365, 931
366, 936
367, 1435
368, 1437
369, 1536
370, 1433
371, 1631
372, 1333
373, 1138
374, 1433
375, 1730
376, 1439
377, 1338
378, 1030
379, 1334
380, 1035
381, 1031
382, 1437
383, 1133
384, 1032
385, 739
386, 1031
387, 1031
388, 1034
389, 733
390, 1030
391, 933
392, 935
393, 837
394, 933
395, 936
396, 930
397, 837
398, 939
399, 935
400, 836
401, 936
402, 835
403, 1137
404, 833
405, 936
406, 930
407, 1034
408, 735
409, 936
410, 832
411, 1130
412, 831
413, 933
414, 932
415, 1036
416, 831
417, 934
418, 836
419, 1036
420, 838
421, 932
422, 1031
423, 932
424, 930
425, 836
426, 934
427, 1131
428, 932
429, 931
430, 1037
431, 930
432, 935
433, 839
434, 1134
435, 937
436, 933
437, 935
438, 1036
439, 834
440, 835
441, 931
442, 1034
443, 938
444, 832
445, 1030
446, 936
447, 936
448, 830
449, 939
450, 1038
451, 1230
452, 831
453, 1031
454, 931
455, 1034
456, 830
457, 938
458, 831
459, 1230
460, 836
461, 1031
462, 1339
463, 1432
464, 1330
465, 1535
466, 1232
467, 1535
468, 1335
469, 1639
470, 1039
471, 934
472, 1339
473, 1135
474, 1136
475, 1132
476, 1032
477, 937
478, 1036
479, 934
480, 1034
481, 932
482, 1035
483, 1032
484, 939
485, 939
486, 939
487, 1030
488, 935
489, 938
490, 1034
491, 1037
492, 937
493, 1031
494, 938
495, 1034
496, 930
497, 1031
498, 937
499, 1038
500, 933
501, 1034
502, 932
503, 939
504, 933
505, 936
506, 1033
507, 937
508, 938
509, 937
510, 1031
511, 936
512, 1030
513, 934
514, 1038
515, 939
516, 1030
517, 933
518, 1034
519, 931
520, 1034
521, 931
522, 1034
523, 935
524, 1031
525, 934
526, 939
527, 939
528, 936
529, 939
530, 938
531, 1033
532, 934
533, 1031
534, 935
535, 1033
536, 931
537, 1034
538, 935
539, 1033
540, 931
541, 1032
542, 931
543, 938
544, 930
545, 937
546, 936
547, 938
548, 939
549, 932
550, 1030
551, 935
552, 1033
553, 934
554, 1030
555, 937
556, 1034
557, 938
558, 1035
559, 1333
560, 1337
561, 1331
562, 1636
563, 1135
564, 1337
565, 1634
566, 1634
567, 1337
568, 1134
569, 1233
570, 1434
571, 1039
572, 933
573, 1038
574, 931
575, 1034
576, 932
577, 1034
578, 938
579, 1034
580, 1030
581, 1036
582, 933
583, 1030
584, 933
585, 1035
586, 933
587, 835
588, 935
589, 938
590, 933
591, 835
592, 936
593, 1032
594, 1039
595, 831
596, 938
597, 937
598, 932
599, 838
600, 935
601, 937
602, 1035
603, 738
604, 939
605, 936
606, 932
607, 836
608, 936
609, 1031
610, 932
611, 838
612, 932
613, 939
614, 834
615, 934
616, 837
617, 1035
618, 935
619, 930
620, 934
621, 938
622, 838
623, 930
624, 832
625, 1131
626, 835
627, 932
628, 839
629, 1031
630, 836
631, 839
632, 931
633, 935
634, 835
635, 836
636, 1030
637, 838
638, 839
639, 839
640, 935
641, 1037
642, 1036
643, 839
644, 1035
645, 932
646, 932
647, 838
648, 1234
649, 839
650, 1332
651, 1437
652, 1630
653, 1535
654, 1333
655, 1033
656, 1337
657, 1630
658, 1433
659, 1132
660, 938
661, 1032
662, 938
663, 939
664, 937
665, 1038
666, 1133
667, 1132
668, 933
669, 1038
670, 933
671, 1032
672, 933
673, 1031
674, 1032
675, 936
676, 1030
677, 937
678, 937
679, 933
680, 938
681, 939
682, 1032
683, 935
684, 1030
685, 936
686, 937
687, 930
688, 936
689, 939
690, 938
691, 930
692, 1030
693, 933
694, 938
695, 933
696, 933
697, 1035
698, 933
699, 938
700, 936
701, 938
702, 930
703, 938
704, 939
705, 1034
706, 836
707, 938
708, 936
709, 937
710, 836
711, 935
712, 1036
713, 1031
714, 931
715, 936
716, 937
717, 838
718, 937
719, 932
720, 1131
721, 935
722, 935
723, 936
724, 1031
725, 837
726, 939
727, 937
728, 1131
729, 1033
730, 1232
731, 1531
732, 1632
733, 1436
734, 1438
735, 1339
736, 1735
737, 1531
738, 1630
739, 1332
740, 836
741, 1035
742, 937
743, 1239
744, 1137
745, 1432
746, 1130
747, 1038
748, 937
749, 939
750, 839
751, 935
752, 1131
753, 934
754, 837
755, 1030
756, 932
757, 836
758, 934
759, 836
760, 1135
761, 835
762, 1034
763, 932
764, 1036
765, 836
766, 937
767, 834
768, 1330
769, 833
770, 1032
771, 932
772, 1031
773, 830
774, 936
775, 1332
776, 938
777, 836
778, 938
779, 1034
780, 836
781, 931
782, 838
783, 1233
784, 837
785, 930
786, 839
787, 1031
788, 836
789, 937
790, 835
791, 1138
792, 1138
793, 931
794, 931
795, 1037
796, 835
797, 938
798, 838
799, 1335
800, 931
801, 837
802, 939
803, 937
804, 931
805, 835
806, 936
807, 1039
808, 1033
809, 831
810, 1032
811, 931
812, 932
813, 838
814, 933
815, 939
816, 1034
817, 833
818, 1132
819, 1335
820, 1530
821, 1634
822, 1632
823, 1631
824, 1237
825, 1538
826, 1632
827, 1538
828, 935
829, 935
830, 1132
831, 1335
832, 1238
833, 1130
834, 1033
835, 1233
836, 939
837, 936
838, 837
839, 1136
840, 839
841, 935
842, 1032
843, 933
844, 936
845, 839
846, 936
847, 1139
848, 932
849, 933
850, 1032
851, 933
852, 930
853, 836
854, 934
855, 1035
856, 933
857, 933
858, 939
859, 931
860, 839
861, 839
862, 931
863, 1136
864, 836
865, 1031
866, 934
867, 936
868, 831
869, 938
870, 834
871, 1137
872, 833
873, 1033
874, 936
875, 1032
876, 836
877, 937
878, 1136
879, 1038
880, 835
881, 1030
882, 935
883, 938
884, 835
885, 839
886, 931
887, 937
888, 933
889, 933
890, 1035
891, 931
892, 936
893, 838
894, 1132
895, 934
896, 932
897, 932
898, 1036
899, 832
900, 936
901, 834
902, 1038
903, 934
904, 930
905, 938
906, 938
907, 934
908, 931
909, 935
910, 1134
911, 1030
912, 833
913, 1032
914, 939
915, 939
916, 839
917, 1030
918, 1139
919, 1036
920, 836
921, 1038
922, 1035
923, 931
924, 932
925, 938
926, 1130
927, 1032
928, 932
929, 934
930, 1337
931, 1430
932, 1630
933, 1632
934, 1139
935, 1338
936, 1534
937, 1534
938, 1538
939, 1337
940, 1336
941, 1230
942, 839
943, 739
944, 836
945, 830
946, 931
947, 1137
948, 1032
949, 934
950, 1036
951, 1034
952, 934
953, 1035
954, 932
955, 1033
956, 934
957, 1033
958, 935
959, 1035
960, 937
961, 1034
962, 931
963, 1031
964, 934
965, 1030
966, 935
967, 1032
968, 937
969, 938
970, 1032
971, 932
972, 1033
973, 934
974, 1034
975, 934
976, 1032
977, 932
978, 1032
979, 933
980, 1033
981, 937
982, 1032
983, 934
984, 1032
985, 936
986, 1031
987, 936
988, 939
989, 938
990, 939
991, 1033
992, 933
993, 1034
994, 933
995, 1033
996, 932
997, 1036
998, 932
999, 1031
1000, 931
1001, 939
1002, 932
1003, 1030
1004, 931
1005, 1031
1006, 934
1007, 1030
1008, 935
1009, 939
1010, 936
1011, 935
1012, 938
1013, 934
1014, 1030
1015, 931
1016, 1031
1017, 932
1018, 1033
1019, 930
1020, 1031
1021, 935
1022, 1032
1023, 836
1024, 1438
1025, 1533
1026, 1730
1027, 1236
1028, 1336
1029, 1037
1030, 1033
1031, 1034
1032, 1033
1033, 1035
1034, 938
1035, 1037
1036, 937
1037, 1139
1038, 1133
1039, 1038
1040, 939
1041, 1036
1042, 935
1043, 1032
1044, 934
1045, 1033
1046, 936
1047, 1030
1048, 937
1049, 1032
1050, 931
1051, 1030
1052, 935
1053, 1035
1054, 1032
1055, 938
1056, 1031
1057, 936
1058, 936
1059, 932
1060, 1037
1061, 939
1062, 1033
1063, 932
1064, 1031
1065, 934
1066, 1031
1067, 931
1068, 1033
1069, 938
1070, 1034
1071, 933
1072, 1032
1073, 932
1074, 938
1075, 937
1076, 936
1077, 1035
1078, 938
1079, 1030
1080, 936
1081, 939
1082, 934
1083, 1030
1084, 935
1085, 1035
1086, 933
1087, 1032
1088, 936
1089, 1032
1090, 839
1091, 937
1092, 935
1093, 1032
1094, 839
1095, 937
1096, 937
1097, 933
1098, 935
1099, 934
1100, 1035
1101, 933
1102, 938
1103, 938
1104, 1032
1105, 935
1106, 939
1107, 936
1108, 1236
1109, 1039
1110, 1632
1111, 1537
1112, 1635
1113, 1436
1114, 1435
1115, 1239
1116, 1031
1117, 1530
1118, 1136
1119, 935
1120, 934
1121, 935
1122, 931
1123, 1139
1124, 1432
1125, 938
1126, 936
1127, 1033
1128, 1030
1129, 932
1130, 839
1131, 935
1132, 1134
1133, 932
1134, 935
1135, 1030
1136, 938
1137, 932
1138, 932
1139, 1233
1140, 1235
1141, 831
1142, 939
1143, 933
1144, 930
1145, 830
1146, 936
1147, 1138
1148, 1135
1149, 833
1150, 939
1151, 937
1152, 1030
1153, 831
1154, 937
1155, 1138
1156, 1034
1157, 836
1158, 938
1159, 1034
1160, 939
1161, 934
1162, 838
1163, 1036
1164, 1034
1165, 933
1166, 933
1167, 1039
1168, 936
1169, 939
1170, 837
1171, 1037
1172, 1036
1173, 933
1174, 933
1175, 1036
1176, 933
1177, 839
1178, 930
1179, 1133
1180, 1036
1181, 835
1182, 1032
1183, 1031
1184, 1139
1185, 1537
1186, 1536
1187, 1631
1188, 1632
1189, 1431
1190, 1537
1191, 1538
1192, 1537
1193, 1031
1194, 1030
1195, 1437
1196, 1034
1197, 835
1198, 1032
1199, 1031
1200, 933
1201, 934
1202, 839
1203, 1030
1204, 937
1205, 934
1206, 932
1207, 1038
1208, 835
1209, 938
1210, 837
1211, 1134
1212, 932
1213, 934
1214, 933
1215, 1035
1216, 836
1217, 936
1218, 839
1219, 1135
1220, 937
1221, 838
1222, 938
1223, 1032
1224, 837
1225, 837
1226, 938
1227, 935
1228, 1037
1229, 832
1230, 1030
1231, 938
1232, 933
1233, 837
1234, 936
1235, 1033
1236, 1036
1237, 836
1238, 1034
1239, 934
1240, 933
1241, 839
1242, 934
1243, 1036
1244, 938
1245, 930
1246, 931
1247, 1032
1248, 834
1249, 936
1250, 833
1251, 1132
1252, 832
1253, 933
1254, 930
1255, 938
1256, 836
1257, 934
1258, 832
1259, 1139
1260, 834
1261, 933
1262, 934
1263, 938
1264, 939
1265, 932
1266, 930
1267, 1038
1268, 930
1269, 837
1270, 939
1271, 931
1272, 935
1273, 836
1274, 933
1275, 1038
1276, 934
1277, 935
1278, 1033
1279, 839
1280, 932
1281, 932
1282, 1139
1283, 1230
1284, 935
1285, 1035
1286, 1530
1287, 931
1288, 1532
1289, 1632
1290, 1837
1291, 1531
1292, 1434
1293, 1438
1294, 1538
1295, 1534
1296, 931
1297, 1030
1298, 1132
1299, 1634
1300, 1039
1301, 1039
1302, 938
1303, 935
1304, 838
1305, 935
1306, 1035
1307, 1032
1308, 930
1309, 932
1310, 1036
1311, 934
1312, 939
1313, 837
1314, 1033
1315, 1131
1316, 932
1317, 932
1318, 1038
1319, 833
1320, 839
1321, 838
1322, 1133
1323, 939
1324, 931
1325, 933
1326, 1031
1327, 931
1328, 835
1329, 934
1330, 1234
1331, 1138
1332, 833
1333, 1033
1334, 933
1335, 1032
1336, 831
1337, 938
1338, 737
1339, 1132
1340, 834
1341, 1031
1342, 937
1343, 1031
1344, 837
1345, 938
1346, 835
1347, 1136
1348, 836
1349, 937
1350, 1037
1351, 837
1352, 935
1353, 838
1354, 1139
1355, 1131
1356, 932
1357, 933
1358, 1038
1359, 833
1360, 934
1361, 835
1362, 1235
1363, 933
1364, 839
1365, 930
1366, 1033
1367, 831
1368, 933
1369, 930
1370, 1133
1371, 1032
1372, 833
1373, 1032
1374, 939
1375, 934
1376, 932
1377, 936
1378, 1237
1379, 1332
1380, 1433
1381, 1535
1382, 1436
1383, 1435
1384, 1437
1385, 1530
1386, 1631
1387, 1230
1388, 1430
1389, 1138
1390, 1030
1391, 1038
1392, 830
1393, 936
1394, 1033
1395, 839
1396, 931
1397, 835
1398, 939
1399, 835
1400, 937
1401, 931
1402, 1038
1403, 832
1404, 933
1405, 934
1406, 937
1407, 931
1408, 934
1409, 838
1410, 1037
1411, 832
1412, 931
1413, 938
1414, 838
1415, 836
1416, 839
1417, 934
1418, 1031
1419, 930
1420, 931
1421, 939
1422, 837
1423, 836
1424, 836
1425, 932
1426, 938
1427, 838
1428, 835
1429, 939
1430, 838
1431, 838
1432, 930
1433, 838
1434, 1036
1435, 834
1436, 937
1437, 930
1438, 936
1439, 833
1440, 935
1441, 937
1442, 1036
1443, 833
1444, 1030
1445, 935
1446, 933
1447, 838
1448, 937
1449, 1034
1450, 1037
1451, 832
1452, 937
1453, 938
1454, 839
1455, 932
1456, 839
1457, 1131
1458, 937
1459, 837
1460, 930
1461, 1033
1462, 834
1463, 935
1464, 838
1465, 1131
1466, 838
1467, 839
1468, 931
1469, 1035
1470, 839
1471, 935
1472, 938
1473, 1138
1474, 1632
1475, 1538
1476, 1434
1477, 1337
1478, 1536
1479, 1538
1480, 1437
1481, 836
1482, 733
1483, 1434
1484, 1235
1485, 1031
1486, 936
1487, 838
1488, 936
1489, 936
1490, 1037
1491, 834
1492, 1031
1493, 930
1494, 931
1495, 932
1496, 931
1497, 1331
1498, 934
1499, 931
1500, 930
1501, 1033
1502, 738
1503, 937
1504, 836
1505, 1036
1506, 938
1507, 932
1508, 932
1509, 1037
1510, 738
1511, 936
1512, 838
1513, 1231
1514, 935
1515, 838
1516, 935
1517, 1031
1518, 838
1519, 931
1520, 937
1521, 1034
1522, 1036
1523, 832
1524, 1031
1525, 936
1526, 931
1527, 837
1528, 935
1529, 1135
1530, 1030
1531, 837
1532, 1031
1533, 936
1534, 931
1535, 838
1536, 932
1537, 1237
1538, 936
1539, 839
1540, 932
1541, 1032
1542, 831
1543, 933
1544, 835
1545, 1239
1546, 933
1547, 839
1548, 931
1549, 1037
1550, 837
1551, 938
1552, 838
1553, 1235
1554, 736
1555, 935
1556, 935
1557, 1035
1558, 932
1559, 938
1560, 935
1561, 1038
1562, 1339
1563, 1338
1564, 1632
1565, 1533
1566, 1439
1567, 1337
1568, 1332
1569, 1536
1570, 1637
1571, 1538
1572, 1431
1573, 1034
1574, 932
1575, 737
1576, 1036
1577, 1538
1578, 1038
1579, 839
1580, 1030
1581, 1033
1582, 834
1583, 937
1584, 839
1585, 1138
1586, 638
1587, 939
1588, 933
1589, 1130
1590, 832
1591, 936
1592, 838
1593, 1132
1594, 1032
1595, 935
1596, 934
1597, 1039
1598, 934
1599, 939
1600, 838
1601, 1235
1602, 1035
1603, 833
1604, 1030
1605, 1030
1606, 935
1607, 930
1608, 1030
1609, 1231
1610, 1335
1611, 833
1612, 1031
1613, 939
1614, 937
1615, 837
1616, 938
1617, 1137
1618, 1037
1619, 834
1620, 1030
1621, 1031
1622, 1030
1623, 934
1624, 932
1625, 1136
1626, 1037
1627, 934
1628, 934
1629, 1131
1630, 933
1631, 938
1632, 838
1633, 1235
1634, 1137
1635, 935
1636, 935
1637, 1038
1638, 933
1639, 1030
1640, 932
1641, 1131
1642, 937
1643, 838
1644, 937
1645, 939
1646, 934
1647, 833
1648, 938
1649, 1033
1650, 1132
1651, 836
1652, 1035
1653, 937
1654, 1034
1655, 932
1656, 938
1657, 1030
1658, 1039
1659, 831
1660, 1030
1661, 938
1662, 837
1663, 838
1664, 930
1665, 1037
1666, 834
1667, 931
1668, 838
1669, 1034
1670, 833
1671, 939
1672, 830
1673, 1233
1674, 834
1675, 934
1676, 737
1677, 1230
1678, 734
1679, 1132
1680, 733
1681, 1435
1682, 837
1683, 934
1684, 932
