1, 1132
2, 1135
3, 833
4, 1330
5, 832
6, 1034
7, 639
8, 1135
9, 838
10, 1234
11, 833
12, 1331
13, 734
14, 1135
15, 638
16, 1236
17, 638
18, 1331
19, 931
20, 1134
21, 733
22, 839
23, 1131
24, 835
25, 1131
26, 836
27, 1239
28, 633
29, 1231
30, 636
31, 1535
32, 730
33, 1337
34, 833
35, 1135
36, 734
37, 1132
38, 1036
39, 1130
40, 933
41, 1131
42, 830
43, 833
44, 937
45, 1132
46, 1334
47, 736
48, 1437
49, 739
50, 1135
51, 731
52, 1436
53, 933
54, 1139
55, 839
56, 1235
57, 632
58, 1135
59, 638
60, 1537
61, 831
62, 1233
63, 1034
64, 833
65, 1131
66, 736
67, 1432
68, 733
69, 1434
70, 836
71, 1433
72, 639
73, 1238
74, 1133
75, 1238
76, 637
77, 1238
78, 636
79, 1037
80, 639
81, 1339
82, 738
83, 938
84, 1131
85, 934
86, 1032
87, 733
88, 1135
89, 937
90, 1238
91, 833
92, 1434
93, 730
94, 1232
95, 634
96, 1434
97, 832
98, 1134
99, 832
100, 1232
101, 636
102, 1037
103, 832
104, 1430
105, 935
106, 936
107, 1330
108, 539
109, 1237
110, 630
111, 1639
112, 635
113, 1532
114, 732
115, 1230
116, 635
117, 1233
118, 936
119, 1231
120, 732
121, 1431
122, 831
123, 1035
124, 834
125, 1231
126, 1131
127, 738
128, 1331
129, 732
130, 1138
131, 634
132, 1337
133, 935
134, 1334
135, 830
136, 1432
137, 538
138, 1233
139, 635
140, 1339
141, 731
142, 1337
143, 836
144, 1132
145, 832
146, 930
147, 1635
148, 837
149, 1138
150, 738
151, 1238
152, 532
153, 1335
154, 835
155, 1736
156, 630
157, 1534
158, 734
159, 1235
160, 638
161, 1237
162, 739
163, 1239
164, 931
165, 1238
166, 835
167, 933
168, 1034
169, 936
170, 1237
171, 639
172, 1537
173, 634
174, 1330
175, 536
176, 1930
177, 739
178, 1338
179, 734
180, 1437
181, 538
182, 1337
183, 631
184, 1530
185, 733
186, 1632
187, 739
188, 937
189, 1239
190, 1531
191, 1231
192, 1338
193, 1438
194, 1530
195, 1432
196, 1335
197, 1239
198, 1434
199, 1338
200, 1433
201, 1532
202, 1331
203, 1530
204, 1331
205, 1532
206, 1339
207, 1632
208, 1333
209, 1537
210, 1430
211, 1536
212, 1538
213, 1734
214, 1631
215, 1639
216, 1635
217, 1632
218, 1539
219, 1539
220, 1637
221, 1032
222, 1430
223, 834
224, 1238
225, 630
226, 1138
227, 1138
228, 1239
229, 933
230, 1035
231, 1139
232, 631
233, 1236
234, 635
235, 1635
236, 635
237, 1534
238, 733
239, 1334
240, 635
241, 1237
242, 937
243, 1230
244, 832
245, 1338
246, 737
247, 1038
248, 738
249, 1435
250, 1032
251, 838
252, 1239
253, 737
254, 1038
255, 630
256, 1236
257, 737
258, 1434
259, 737
260, 1530
261, 537
262, 1331
263, 631
264, 1434
265, 638
266, 1433
267, 832
268, 1234
269, 738
270, 1035
271, 1136
272, 939
273, 1133
274, 831
275, 1332
276, 535
277, 1332
278, 839
279, 1633
280, 634
281, 1532
282, 735
283, 1232
284, 635
285, 1236
286, 1036
287, 1233
288, 832
289, 1334
290, 639
291, 1037
292, 837
293, 835
294, 1133
295, 830
296, 1438
297, 634
298, 1237
299, 1432
300, 1234
301, 1738
302, 1537
303, 1439
304, 1531
305, 1434
306, 1532
307, 1339
308, 1439
309, 1238
310, 1631
311, 1337
312, 1631
313, 1235
314, 1438
315, 1137
316, 1339
317, 1538
318, 1631
319, 1538
320, 1634
321, 1636
322, 1830
323, 1637
324, 1634
325, 1636
326, 1630
327, 1536
328, 839
329, 1439
330, 839
331, 1137
332, 933
333, 1135
334, 838
335, 834
336, 1035
337, 1031
338, 1234
339, 835
340, 1439
341, 537
342, 1333
343, 635
344, 1532
345, 739
346, 1238
347, 834
348, 1330
349, 630
350, 1235
351, 739
352, 1636
353, 833
354, 1230
355, 1131
356, 832
357, 1136
358, 636
359, 1732
360, 639
361, 1532
362, 732
363, 1237
364, 631
365, 1237
366, 739
367, 1233
368, 637
369, 1432
370, 734
371, 1137
372, 732
373, 1433
374, 638
375, 1036
376, 1133
377, 932
378, 1132
379, 639
380, 1631
381, 930
382, 1335
383, 736
384, 1437
385, 537
386, 1335
387, 631
388, 1634
389, 638
390, 1437
391, 830
392, 1334
393, 730
394, 1134
395, 934
396, 1139
397, 934
398, 937
399, 1233
400, 634
401, 1237
402, 636
403, 1635
404, 633
405, 1533
406, 733
407, 1139
408, 634
409, 1234
410, 934
411, 1235
412, 832
413, 1336
414, 636
415, 1135
416, 734
417, 1338
418, 933
419, 837
420, 1332
421, 831
422, 1135
423, 633
424, 1636
425, 832
426, 1338
427, 735
428, 1433
429, 632
430, 1239
431, 630
432, 1637
433, 637
434, 1338
435, 832
436, 1131
437, 831
438, 1032
439, 936
440, 837
441, 1430
442, 739
443, 1332
444, 536
445, 1331
446, 932
447, 1431
448, 633
449, 1537
450, 730
451, 1239
452, 636
453, 1838
454, 1233
455, 833
456, 1430
457, 1539
458, 1433
459, 1630
460, 1530
461, 1636
462, 1337
463, 1535
464, 1435
465, 1436
466, 1433
467, 1437
468, 1733
469, 1533
470, 1539
471, 1634
472, 1732
473, 1636
474, 1637
475, 1634
476, 1633
477, 1533
478, 1731
479, 1237
480, 1039
481, 938
482, 835
483, 1230
484, 731
485, 1430
486, 735
487, 1237
488, 634
489, 1235
490, 930
491, 1239
492, 737
493, 1436
494, 732
495, 1137
496, 731
497, 1535
498, 830
499, 1134
500, 933
501, 1038
502, 932
503, 839
504, 1134
505, 935
506, 1235
507, 739
508, 1433
509, 535
510, 1336
511, 539
512, 1534
513, 636
514, 1437
515, 830
516, 1335
517, 731
518, 1234
519, 938
520, 1037
521, 830
522, 1233
523, 1032
524, 736
525, 1133
526, 931
527, 1732
528, 731
529, 1532
530, 635
531, 1232
532, 633
533, 1238
534, 935
535, 1239
536, 834
537, 1335
538, 637
539, 1234
540, 635
541, 1430
542, 732
543, 1138
544, 1036
545, 939
546, 1031
547, 730
548, 1436
549, 833
550, 1331
551, 736
552, 1434
553, 537
554, 1333
555, 631
556, 1733
557, 638
558, 1431
559, 739
560, 1133
561, 732
562, 1138
563, 1039
564, 1031
565, 1039
566, 1031
567, 1136
568, 635
569, 1233
570, 1032
571, 1433
572, 634
573, 1439
574, 637
575, 1230
576, 633
577, 1538
578, 835
579, 1236
580, 831
581, 1332
582, 631
583, 1232
584, 733
585, 1232
586, 930
587, 1034
588, 1236
589, 634
590, 1331
591, 630
592, 1038
593, 836
594, 1539
595, 1534
596, 1633
597, 1632
598, 1534
599, 1631
600, 1432
601, 1438
602, 1439
603, 1431
604, 1536
605, 1332
606, 1535
607, 1538
608, 1636
609, 1633
610, 1637
611, 1633
612, 1638
613, 1731
614, 1832
615, 1630
616, 1732
617, 1536
618, 932
619, 1339
620, 637
621, 1531
622, 834
623, 1232
624, 833
625, 1237
626, 731
627, 1130
628, 932
629, 1133
630, 1037
631, 837
632, 1238
633, 632
634, 1239
635, 539
636, 1935
637, 633
638, 1534
639, 733
640, 1236
641, 638
642, 1233
643, 834
644, 1235
645, 835
646, 1332
647, 738
648, 1037
649, 830
650, 1232
651, 1134
652, 735
653, 1434
654, 736
655, 1237
656, 635
657, 1635
658, 732
659, 1338
660, 739
661, 1434
662, 633
663, 1237
664, 632
665, 1439
666, 638
667, 1339
668, 838
669, 1032
670, 836
671, 931
672, 1232
673, 832
674, 1236
675, 832
676, 1332
677, 533
678, 1334
679, 834
680, 1438
681, 539
682, 1438
683, 636
684, 1230
685, 639
686, 1237
687, 1133
688, 1139
689, 933
690, 1232
691, 738
692, 938
693, 937
694, 1333
695, 1230
696, 831
697, 1431
698, 631
699, 1333
700, 538
701, 1633
702, 633
703, 1334
704, 738
705, 1332
706, 537
707, 1236
708, 735
709, 1335
710, 735
711, 1239
712, 934
713, 837
714, 1031
715, 735
716, 1435
717, 731
718, 1436
719, 733
720, 1236
721, 631
722, 1238
723, 738
724, 1332
725, 830
726, 1337
727, 731
728, 1136
729, 636
730, 1436
731, 835
732, 1039
733, 937
734, 1035
735, 935
736, 739
737, 1232
738, 1132
739, 1331
740, 735
741, 1530
742, 533
743, 1339
744, 536
745, 1437
746, 632
747, 1531
748, 732
749, 1534
750, 1437
751, 1539
752, 1432
753, 1631
754, 1533
755, 1533
756, 1338
757, 1436
758, 1432
759, 1534
760, 1534
761, 1438
762, 1436
763, 1630
764, 1535
765, 1636
766, 1630
767, 1832
768, 1732
769, 1637
770, 1631
771, 1632
772, 1433
773, 733
774, 1532
775, 835
776, 1138
777, 1134
778, 932
779, 1038
780, 639
781, 1437
782, 833
783, 1239
784, 734
785, 1339
786, 533
787, 1238
788, 834
789, 1730
790, 730
791, 1434
792, 833
793, 1137
794, 734
795, 1131
796, 932
797, 939
798, 1137
799, 932
800, 1130
801, 730
802, 1232
803, 932
804, 1335
805, 634
806, 1530
807, 634
808, 1136
809, 637
810, 1732
811, 839
812, 1233
813, 837
814, 1236
815, 638
816, 1132
817, 738
818, 1333
819, 939
820, 937
821, 1332
822, 538
823, 1238
824, 632
825, 1431
826, 635
827, 1532
828, 732
829, 1339
830, 635
831, 1232
832, 931
833, 1336
834, 638
835, 1335
836, 730
837, 939
838, 831
839, 1034
840, 1236
841, 830
842, 1337
843, 736
844, 1136
845, 538
846, 1233
847, 835
848, 1339
849, 830
850, 1438
851, 537
852, 1334
853, 636
854, 1538
855, 1337
856, 933
857, 1430
858, 1532
859, 1532
860, 1633
861, 1433
862, 1438
863, 1533
864, 1631
865, 1438
866, 1439
867, 1338
868, 1439
869, 1439
870, 1434
871, 1533
872, 1537
873, 1631
874, 1631
875, 1732
876, 1632
877, 1638
878, 1632
879, 1734
880, 1332
881, 1132
882, 939
883, 1036
884, 1334
885, 639
886, 1435
887, 731
888, 1234
889, 634
890, 1438
891, 830
892, 1331
893, 830
894, 1430
895, 634
896, 1237
897, 636
898, 1638
899, 735
900, 1330
901, 936
902, 932
903, 1033
904, 735
905, 1431
906, 730
907, 1436
908, 739
909, 1437
910, 537
911, 1333
912, 831
913, 1330
914, 637
915, 1436
916, 735
917, 1231
918, 732
919, 1438
920, 1032
921, 1130
922, 938
923, 1039
924, 931
925, 738
926, 1135
927, 1134
928, 1236
929, 737
930, 1530
931, 636
932, 1332
933, 539
934, 1535
935, 630
936, 1330
937, 831
938, 1334
939, 630
940, 1230
941, 938
942, 1234
943, 836
944, 1133
945, 1137
946, 731
947, 1231
948, 633
949, 1532
950, 638
951, 1531
952, 733
953, 1239
954, 634
955, 1238
956, 834
957, 1336
958, 730
959, 1432
960, 632
961, 1134
962, 734
963, 1436
964, 1033
965, 1036
966, 1239
967, 837
968, 1234
969, 731
970, 1537
971, 836
972, 1438
973, 1137
974, 1430
975, 1533
976, 1630
977, 1534
978, 1438
979, 1533
980, 1632
981, 1631
982, 1535
983, 1337
984, 1633
985, 1535
986, 1535
987, 1630
988, 1730
989, 1639
990, 1638
991, 1632
992, 1730
993, 1539
994, 937
995, 1734
996, 834
997, 1433
998, 737
999, 1238
1000, 1034
1001, 1234
1002, 834
1003, 1334
1004, 639
1005, 1134
1006, 733
1007, 1139
1008, 839
1009, 931
1010, 1239
1011, 732
1012, 1037
1013, 539
1014, 1531
1015, 830
1016, 1239
1017, 735
1018, 1236
1019, 532
1020, 1230
1021, 630
1022, 1634
1023, 637
1024, 1337
1025, 739
1026, 1030
1027, 830
1028, 839
1029, 1233
1030, 738
1031, 1434
1032, 739
1033, 1337
1034, 631
1035, 1333
1036, 832
1037, 1438
1038, 634
1039, 1439
1040, 637
1041, 1134
1042, 639
1043, 1539
1044, 1035
1045, 1132
1046, 835
1047, 1232
1048, 737
1049, 934
1050, 935
1051, 1038
1052, 1231
1053, 833
1054, 1431
1055, 630
1056, 1337
1057, 633
1058, 1537
1059, 636
1060, 1337
1061, 737
1062, 1235
1063, 537
1064, 1234
1065, 1033
1066, 1634
1067, 735
1068, 1330
1069, 837
1070, 836
1071, 1032
1072, 735
1073, 1339
1074, 639
1075, 1435
1076, 736
1077, 1235
1078, 632
1079, 1236
1080, 1037
1081, 1139
1082, 738
1083, 1431
1084, 738
1085, 1234
1086, 638
1087, 1435
1088, 833
1089, 1132
1090, 932
1091, 1034
1092, 932
1093, 1436
1094, 831
1095, 1533
1096, 1630
1097, 1631
1098, 1534
1099, 1530
1100, 1530
1101, 1533
1102, 1730
1103, 1532
1104, 1439
1105, 1339
1106, 1338
1107, 1436
1108, 1532
1109, 1530
1110, 1732
1111, 1634
1112, 1730
1113, 1630
1114, 1637
1115, 1634
1116, 1536
1117, 2031
1118, 734
1119, 1538
1120, 733
1121, 1235
1122, 635
1123, 1434
1124, 933
1125, 1235
1126, 838
1127, 1336
1128, 630
1129, 1139
1130, 637
1131, 1335
1132, 831
1133, 1039
1134, 1135
1135, 839
1136, 1136
1137, 730
1138, 1831
1139, 834
1140, 1331
1141, 739
1142, 1237
1143, 535
1144, 1332
1145, 739
1146, 1338
1147, 639
1148, 1437
1149, 832
1150, 1138
1151, 733
1152, 1130
1153, 1131
1154, 1031
1155, 1136
1156, 934
1157, 1137
1158, 637
1159, 1230
1160, 1130
1161, 1434
1162, 634
1163, 1532
1164, 731
1165, 1139
1166, 635
1167, 1631
1168, 739
1169, 1235
1170, 835
1171, 1238
1172, 633
1173, 1135
1174, 736
1175, 1338
1176, 1030
1177, 1033
1178, 1330
1179, 635
1180, 1236
1181, 634
1182, 1435
1183, 637
1184, 1338
1185, 736
1186, 1331
1187, 536
1188, 1238
1189, 932
1190, 1339
1191, 639
1192, 1431
1193, 831
1194, 1031
1195, 738
1196, 1037
1197, 1236
1198, 834
1199, 1337
1200, 736
1201, 1234
1202, 632
1203, 1331
1204, 835
1205, 1338
1206, 735
1207, 1533
1208, 538
1209, 1239
1210, 736
1211, 1531
1212, 1436
1213, 1733
1214, 1535
1215, 1630
1216, 1439
1217, 1633
1218, 1633
1219, 1634
1220, 1333
1221, 1437
1222, 1435
1223, 1537
1224, 1632
1225, 1736
1226, 1635
1227, 1730
1228, 1636
1229, 1634
1230, 1434
1231, 935
1232, 1334
1233, 1031
1234, 1230
1235, 836
1236, 1238
1237, 638
1238, 1030
1239, 838
1240, 1031
1241, 1037
1242, 738
1243, 1339
1244, 634
1245, 1136
1246, 632
1247, 1837
1248, 834
1249, 1333
1250, 833
1251, 1434
1252, 638
1253, 1237
1254, 932
1255, 1532
1256, 734
1257, 1335
1258, 931
1259, 938
1260, 936
1261, 834
1262, 1236
1263, 733
1264, 1433
1265, 832
1266, 1338
1267, 538
1268, 1237
1269, 1134
1270, 1434
1271, 635
1272, 1436
1273, 733
1274, 1231
1275, 732
1276, 1638
1277, 1032
1278, 1131
1279, 935
1280, 1137
1281, 836
1282, 836
1283, 1038
1284, 1035
1285, 1237
1286, 836
1287, 1434
1288, 632
1289, 1330
1290, 633
1291, 1631
1292, 831
1293, 1237
1294, 833
1295, 1335
1296, 631
1297, 1233
1298, 738
1299, 1333
1300, 831
1301, 1232
1302, 939
1303, 735
1304, 1134
1305, 636
1306, 1637
1307, 639
1308, 1436
1309, 733
1310, 1135
1311, 631
1312, 1231
1313, 833
1314, 1332
1315, 733
1316, 1431
1317, 736
1318, 1135
1319, 732
1320, 1534
1321, 837
1322, 1036
1323, 1039
1324, 834
1325, 1030
1326, 636
1327, 1439
1328, 1737
1329, 830
1330, 1433
1331, 1531
1332, 1534
1333, 1632
1334, 1533
1335, 1536
1336, 1531
1337, 1630
1338, 1535
1339, 1632
1340, 1533
1341, 1633
1342, 1535
1343, 1432
1344, 1531
1345, 1632
1346, 1633
1347, 1639
1348, 1630
1349, 1634
1350, 1537
1351, 1434
1352, 1530
1353, 936
1354, 1239
1355, 635
1356, 1237
1357, 1131
1358, 1231
1359, 837
1360, 1332
1361, 636
1362, 1137
1363, 736
1364, 1430
1365, 933
1366, 1130
1367, 1234
1368, 1130
1369, 1331
1370, 638
1371, 1731
1372, 830
1373, 1330
1374, 737
1375, 1333
1376, 538
1377, 1237
1378, 733
1379, 1437
1380, 733
1381, 1433
1382, 833
1383, 1037
1384, 830
1385, 1031
1386, 1130
1387, 837
1388, 1236
1389, 831
1390, 1230
1391, 730
1392, 1234
1393, 1134
1394, 1233
1395, 733
1396, 1435
1397, 736
1398, 1235
1399, 638
1400, 1535
1401, 830
1402, 1231
1403, 838
1404, 1236
1405, 730
1406, 1035
1407, 1034
1408, 1135
1409, 1133
1410, 839
1411, 1334
1412, 631
1413, 1239
1414, 632
1415, 1339
1416, 637
1417, 1537
1418, 739
1419, 1231
1420, 639
1421, 1231
1422, 1134
1423, 1235
1424, 731
1425, 1334
1426, 833
1427, 935
1428, 931
1429, 1037
1430, 1230
1431, 731
1432, 1430
1433, 638
1434, 1232
1435, 633
1436, 1237
1437, 732
1438, 1335
1439, 736
1440, 1434
1441, 537
1442, 1237
1443, 633
1444, 1430
1445, 637
1446, 1430
1447, 930
1448, 1134
1449, 932
1450, 931
1451, 1332
1452, 733
1453, 1333
1454, 739
1455, 1336
1456, 534
1457, 1337
1458, 739
1459, 1534
1460, 632
1461, 1530
1462, 736
1463, 1232
1464, 730
1465, 1235
1466, 1036
1467, 1232
1468, 933
1469, 1139
1470, 839
1471, 839
1472, 1035
1473, 930
1474, 1232
1475, 833
1476, 932
1477, 1332
1478, 1530
1479, 1534
1480, 1730
1481, 1537
1482, 1531
1483, 1433
1484, 1633
1485, 1534
1486, 1637
1487, 1537
1488, 1631
1489, 1337
1490, 1632
1491, 1536
1492, 1639
1493, 1637
1494, 1735
1495, 1735
1496, 1632
1497, 1636
1498, 1632
1499, 1438
1500, 1435
1501, 1530
1502, 833
1503, 1433
1504, 638
1505, 1338
1506, 739
1507, 1130
1508, 732
1509, 1238
1510, 1133
1511, 1034
1512, 1036
1513, 1036
1514, 938
1515, 735
1516, 1131
1517, 935
1518, 1236
1519, 832
1520, 1339
1521, 537
1522, 1234
1523, 631
1524, 1635
1525, 635
1526, 1333
1527, 836
1528, 1233
1529, 731
1530, 1135
1531, 939
1532, 1231
1533, 930
1534, 1035
1535, 1139
1536, 638
1537, 1230
1538, 1232
1539, 1338
1540, 635
1541, 1434
1542, 736
1543, 1136
1544, 635
1545, 1138
1546, 933
1547, 1233
1548, 839
1549, 1331
1550, 735
1551, 1134
1552, 733
1553, 1438
1554, 1031
1555, 837
1556, 1230
1557, 830
1558, 1037
1559, 638
1560, 1439
1561, 831
1562, 1330
1563, 831
1564, 1430
1565, 631
1566, 1237
1567, 634
1568, 1435
1569, 731
1570, 1339
1571, 834
1572, 1032
1573, 737
1574, 1032
1575, 1037
1576, 839
1577, 1134
1578, 834
1579, 1335
1580, 539
1581, 1330
1582, 933
1583, 1438
1584, 630
1585, 1531
1586, 638
1587, 1232
1588, 634
1589, 1431
1590, 731
1591, 1332
1592, 831
1593, 1334
1594, 632
1595, 1337
1596, 630
1597, 1439
1598, 1431
1599, 1530
1600, 1532
1601, 1530
1602, 1438
1603, 1535
1604, 1534
1605, 1532
1606, 1631
1607, 1531
1608, 1439
1609, 1332
1610, 1436
1611, 1638
1612, 1634
1613, 1538
1614, 1731
1615, 1632
1616, 1635
1617, 1532
1618, 1633
1619, 1537
1620, 1534
1621, 1439
1622, 1538
1623, 1436
1624, 638
1625, 1331
1626, 730
1627, 1238
1628, 837
1629, 1339
1630, 736
1631, 1130
1632, 732
1633, 1535
1634, 638
1635, 1136
1636, 935
1637, 1136
1638, 737
1639, 930
1640, 939
1641, 839
1642, 1233
1643, 833
1644, 1432
1645, 631
1646, 1330
1647, 633
1648, 1437
1649, 635
1650, 1437
1651, 832
1652, 1138
1653, 639
1654, 1139
1655, 736
1656, 1231
1657, 831
1658, 1233
1659, 838
1660, 830
1661, 1036
1662, 1037
1663, 1431
1664, 638
1665, 1436
1666, 735
1667, 1233
1668, 633
1669, 1139
1670, 1030
1671, 1235
1672, 832
1673, 1337
1674, 630
1675, 1232
1676, 634
1677, 1533
1678, 736
1679, 1235
1680, 1033
1681, 934
1682, 1037
1683, 732
1684, 1436
1685, 835
1686, 1239
1687, 735
1688, 1433
1689, 632
1690, 1331
1691, 932
1692, 1536
1693, 637
1694, 1432
1695, 739
1696, 1139
1697, 730
1698, 1134
1699, 931
1700, 1038
1701, 1134
1702, 1030
1703, 1130
1704, 638
1705, 1135
1706, 936
1707, 1138
1708, 634
1709, 1531
1710, 736
1711, 1230
1712, 634
1713, 1435
1714, 738
1715, 1236
1716, 834
1717, 1336
1718, 632
1719, 1137
1720, 733
1721, 1337
1722, 932
1723, 1034
1724, 1232
1725, 633
1726, 1235
1727, 635
1728, 1339
1729, 635
1730, 1532
1731, 734
1732, 1337
1733, 634
1734, 1236
1735, 1030
1736, 1335
1737, 730
1738, 1339
1739, 734
1740, 1130
1741, 738
1742, 1134
1743, 934
1744, 839
1745, 1239
1746, 833
1747, 1133
1748, 635
1749, 1234
1750, 934
1751, 1336
1752, 739
1753, 1438
1754, 634
1755, 1238
1756, 635
1757, 1735
1758, 637
1759, 1238
1760, 739
1761, 1332
1762, 638
1763, 932
1764, 1338
1765, 1533
1766, 1532
1767, 1631
1768, 1534
1769, 1535
1770, 1533
1771, 1536
1772, 1636
1773, 1636
1774, 1538
1775, 1530
1776, 1435
1777, 1530
1778, 1537
1779, 1637
1780, 1637
1781, 1637
1782, 1730
1783, 1538
1784, 1634
1785, 1533
1786, 1636
1787, 1331
1788, 936
1789, 1438
1790, 737
1791, 1230
1792, 635
1793, 1638
1794, 836
1795, 1333
1796, 833
1797, 1431
1798, 539
1799, 1230
1800, 633
1801, 1330
1802, 731
1803, 1337
1804, 839
1805, 935
1806, 933
1807, 834
1808, 1533
1809, 731
1810, 1335
1811, 830
1812, 1333
1813, 537
1814, 1335
1815, 932
1816, 1439
1817, 636
1818, 1437
1819, 736
1820, 1135
1821, 638
1822, 1238
1823, 839
1824, 1136
1825, 936
1826, 1138
1827, 931
1828, 839
1829, 1033
1830, 738
1831, 1237
1832, 831
1833, 1430
1834, 534
1835, 1335
1836, 630
1837, 1732
1838, 631
1839, 1438
1840, 738
1841, 1239
1842, 633
1843, 1234
1844, 931
1845, 1236
1846, 737
1847, 1139
1848, 933
1849, 738
1850, 1133
1851, 638
1852, 1536
1853, 730
1854, 1439
1855, 734
1856, 1138
1857, 632
1858, 1236
1859, 838
1860, 1333
1861, 832
1862, 1336
1863, 739
1864, 1230
1865, 639
1866, 1337
1867, 930
1868, 1032
1869, 1036
1870, 931
1871, 1032
1872, 730
1873, 1335
1874, 835
1875, 1331
1876, 737
1877, 1339
1878, 535
1879, 1334
1880, 631
1881, 1732
1882, 637
1883, 1435
1884, 738
1885, 1135
1886, 639
1887, 1138
1888, 1031
1889, 1032
1890, 1031
1891, 1030
1892, 1232
1893, 631
1894, 1331
1895, 731
1896, 1638
1897, 634
1898, 1337
1899, 735
1900, 1532
1901, 1535
1902, 1536
1903, 1430
1904, 1535
1905, 1536
1906, 1535
1907, 1434
1908, 1633
1909, 1535
1910, 1836
1911, 1439
1912, 1635
1913, 1432
1914, 1433
1915, 1533
1916, 1637
1917, 1631
1918, 1535
1919, 1633
1920, 1631
1921, 1637
1922, 1632
1923, 1537
1924, 1436
1925, 1934
1926, 738
1927, 1435
1928, 736
1929, 1130
1930, 832
1931, 1036
1932, 1336
1933, 836
1934, 1330
1935, 831
1936, 1136
1937, 635
1938, 1233
1939, 833
1940, 1332
1941, 736
1942, 1435
1943, 635
1944, 1136
1945, 638
1946, 1638
1947, 737
1948, 1231
1949, 833
1950, 1230
1951, 734
1952, 1035
1953, 1135
1954, 1030
1955, 1133
1956, 835
1957, 1339
1958, 536
1959, 1335
1960, 539
1961, 1439
1962, 632
1963, 1534
1964, 735
1965, 1236
1966, 636
1967, 1234
1968, 830
1969, 1230
1970, 833
1971, 1330
1972, 930
1973, 936
1974, 934
1975, 834
1976, 1138
1977, 732
1978, 1437
1979, 635
1980, 1236
1981, 631
1982, 1237
1983, 1036
1984, 1333
1985, 831
1986, 1433
1987, 539
1988, 1236
1989, 633
1990, 1438
1991, 731
1992, 1336
1993, 932
1994, 934
1995, 938
1996, 831
1997, 1537
1998, 730
1999, 1333
2000, 737
2001, 1432
2002, 533
2003, 1335
2004, 1033
2005, 1436
2006, 631
2007, 1439
2008, 731
2009, 1234
2010, 638
2011, 1533
2012, 1036
2013, 1132
2014, 934
2015, 1430
2016, 535
2017, 1531
2018, 1437
2019, 1535
2020, 1534
2021, 1634
2022, 1536
2023, 1537
2024, 1539
2025, 1630
2026, 1734
2027, 1532
2028, 1537
2029, 1434
2030, 1333
2031, 1339
2032, 1631
2033, 1634
2034, 1730
2035, 1633
2036, 1639
2037, 1536
2038, 1731
2039, 1538
2040, 1630
2041, 1636
2042, 1031
2043, 1630
2044, 738
2045, 1235
2046, 632
2047, 1236
2048, 836
2049, 1237
2050, 839
2051, 1335
2052, 631
2053, 1231
2054, 730
2055, 1337
2056, 931
2057, 937
2058, 1135
2059, 832
2060, 1130
2061, 636
2062, 1335
2063, 837
2064, 1333
2065, 736
2066, 1430
2067, 631
2068, 1331
2069, 630
2070, 1439
2071, 638
2072, 1431
2073, 830
2074, 1137
2075, 734
2076, 1131
2077, 1333
2078, 934
2079, 1136
2080, 839
2081, 1237
2082, 632
2083, 1232
2084, 935
2085, 1435
2086, 632
2087, 1533
2088, 636
2089, 1139
2090, 636
2091, 1632
2092, 736
2093, 1238
2094, 831
2095, 1330
2096, 731
2097, 1133
2098, 737
2099, 1237
2100, 1033
2101, 931
2102, 1334
2103, 538
2104, 1330
2105, 539
2106, 1639
2107, 634
2108, 1631
2109, 733
2110, 1334
2111, 632
2112, 1330
2113, 930
2114, 1430
2115, 638
2116, 1339
2117, 835
2118, 1034
2119, 830
2120, 1136
2121, 1231
2122, 739
2123, 1432
2124, 734
2125, 1137
2126, 630
2127, 1332
2128, 832
2129, 1433
2130, 734
2131, 1436
2132, 536
2133, 1332
2134, 631
2135, 1535
2136, 1235
2137, 1036
2138, 1438
2139, 1636
2140, 1438
2141, 1630
2142, 1634
2143, 1537
2144, 1531
2145, 1632
2146, 1632
2147, 1637
2148, 1537
2149, 1539
2150, 1435
2151, 1339
2152, 1531
2153, 1531
2154, 1633
2155, 1637
2156, 1638
2157, 1737
2158, 1635
2159, 1635
2160, 1730
2161, 1232
2162, 1130
2163, 1033
2164, 932
2165, 1236
2166, 735
2167, 1435
2168, 730
2169, 1139
2170, 632
2171, 1532
2172, 738
2173, 1237
2174, 739
2175, 1239
2176, 637
2177, 1236
2178, 1034
2179, 1538
2180, 736
2181, 1233
2182, 932
2183, 832
2184, 1034
2185, 731
2186, 1331
2187, 639
2188, 1438
2189, 735
2190, 1235
2191, 631
2192, 1235
2193, 837
2194, 1235
2195, 736
2196, 1338
2197, 636
2198, 1135
2199, 730
2200, 1637
2201, 738
2202, 1039
2203, 1031
2204, 934
2205, 1030
2206, 730
2207, 1232
2208, 930
2209, 1239
2210, 738
2211, 1438
2212, 538
2213, 1334
2214, 630
2215, 1635
2216, 636
2217, 1437
2218, 738
2219, 1233
2220, 730
2221, 1137
2222, 935
2223, 1136
2224, 930
2225, 1031
2226, 1137
2227, 630
2228, 1235
2229, 1138
2230, 1431
2231, 634
2232, 1538
2233, 638
2234, 1333
2235, 539
2236, 1233
2237, 732
2238, 1332
2239, 1333
2240, 936
2241, 1530
2242, 1635
2243, 1534
2244, 1639
2245, 1436
2246, 1632
2247, 1436
2248, 1534
2249, 1536
2250, 1637
2251, 1537
2252, 1433
2253, 1530
2254, 1432
2255, 1532
2256, 1630
2257, 1636
2258, 1733
2259, 1732
2260, 1630
2261, 1637
2262, 1631
2263, 1637
2264, 1538
2265, 1930
2266, 1432
2267, 931
2268, 1238
2269, 831
2270, 1134
2271, 637
2272, 1234
2273, 934
2274, 1335
2275, 832
2276, 1432
2277, 631
2278, 1235
2279, 637
2280, 1330
2281, 739
2282, 1137
2283, 832
2284, 1136
2285, 730
2286, 1035
2287, 1332
2288, 1239
2289, 1133
2290, 835
2291, 1336
2292, 537
2293, 1238
2294, 631
2295, 1638
2296, 634
2297, 1530
2298, 738
2299, 1231
2300, 639
2301, 1233
2302, 1232
2303, 1039
2304, 733
2305, 1333
2306, 833
2307, 935
2308, 935
2309, 1136
2310, 1137
2311, 732
2312, 1433
2313, 733
2314, 1234
2315, 632
2316, 1634
2317, 1131
2318, 1330
2319, 830
2320, 1433
2321, 537
2322, 1234
2323, 634
2324, 1333
2325, 731
2326, 1334
2327, 932
2328, 1038
2329, 937
2330, 832
2331, 1235
2332, 835
2333, 1237
2334, 736
2335, 1335
2336, 536
2337, 1336
2338, 839
2339, 1336
2340, 635
2341, 1530
2342, 738
2343, 1233
2344, 639
2345, 1231
2346, 1036
2347, 1132
2348, 937
2349, 1132
2350, 937
2351, 830
2352, 1132
2353, 938
2354, 1235
2355, 637
2356, 1533
2357, 730
2358, 1138
2359, 539
2360, 1531
2361, 737
2362, 1237
2363, 739
2364, 1237
2365, 632
2366, 1233
2367, 833
2368, 1437
2369, 831
2370, 1134
2371, 1033
2372, 639
2373, 1231
2374, 633
2375, 1630
2376, 637
2377, 1631
2378, 730
2379, 1430
2380, 737
2381, 1434
2382, 1733
2383, 1539
2384, 1536
2385, 1532
2386, 1032
2387, 1534
2388, 1438
2389, 1735
2390, 1533
2391, 1634
2392, 1539
2393, 1638
2394, 1632
2395, 1537
2396, 1439
2397, 1638
2398, 1434
2399, 1533
2400, 1537
2401, 1533
2402, 1634
2403, 1633
2404, 1635
2405, 1630
2406, 1732
2407, 1634
2408, 1636
2409, 1536
2410, 1636
2411, 1437
2412, 1635
2413, 1333
2414, 932
2415, 1239
2416, 638
2417, 1233
2418, 739
2419, 1331
2420, 636
2421, 1434
2422, 732
2423, 1233
2424, 638
2425, 1632
2426, 831
2427, 1230
2428, 836
2429, 1233
2430, 637
2431, 1038
2432, 739
2433, 1134
2434, 1034
2435, 930
2436, 1334
2437, 539
2438, 1236
2439, 632
2440, 1634
2441, 633
2442, 1534
2443, 735
2444, 1333
2445, 535
2446, 1232
2447, 936
2448, 1236
2449, 732
2450, 1335
2451, 838
2452, 1034
2453, 931
2454, 834
2455, 1234
2456, 733
2457, 1434
2458, 735
2459, 1139
2460, 630
2461, 1236
2462, 1039
2463, 1239
2464, 834
2465, 1430
2466, 734
2467, 1136
2468, 731
2469, 1538
2470, 832
2471, 1134
2472, 930
2473, 1133
2474, 834
2475, 833
2476, 1237
2477, 1037
2478, 1235
2479, 738
2480, 1431
2481, 535
2482, 1337
2483, 538
2484, 1239
2485, 635
2486, 1533
2487, 737
2488, 1234
2489, 638
2490, 1236
2491, 831
2492, 1234
2493, 739
2494, 1232
2495, 1037
2496, 738
2497, 1232
2498, 732
2499, 1332
2500, 833
2501, 837
2502, 1035
2503, 1534
2504, 1630
2505, 1731
2506, 1431
2507, 1332
2508, 1437
2509, 1536
2510, 1535
2511, 1538
2512, 1536
2513, 1737
2514, 1536
2515, 1736
2516, 1430
2517, 1533
2518, 1336
2519, 1532
2520, 1636
2521, 1637
2522, 1636
2523, 1632
2524, 1637
2525, 1633
2526, 1636
2527, 1639
2528, 1630
2529, 1535
2530, 1536
2531, 1437
2532, 1536
2533, 831
2534, 1134
2535, 937
2536, 1033
2537, 1134
2538, 934
2539, 1039
2540, 730
2541, 1136
2542, 637
2543, 1334
2544, 833
2545, 1433
2546, 730
2547, 1235
2548, 636
2549, 1538
2550, 731
2551, 1233
2552, 832
2553, 1239
2554, 635
2555, 1039
2556, 1130
2557, 1335
2558, 1032
2559, 933
2560, 1239
2561, 631
2562, 1237
2563, 632
2564, 1536
2565, 636
2566, 1532
2567, 734
2568, 1231
2569, 634
2570, 1233
2571, 838
2572, 1232
2573, 839
2574, 1333
2575, 837
2576, 1030
2577, 837
2578, 1034
2579, 1338
2580, 733
2581, 1433
2582, 737
2583, 1233
2584, 635
2585, 1236
2586, 836
2587, 1335
2588, 735
2589, 1430
2590, 631
2591, 1236
2592, 632
2593, 1631
2594, 634
2595, 1338
2596, 834
2597, 1136
2598, 930
2599, 930
2600, 1436
2601, 836
2602, 1238
2603, 736
2604, 1336
2605, 534
2606, 1431
2607, 834
2608, 1433
2609, 633
2610, 1439
2611, 734
2612, 1435
2613, 1533
2614, 1539
2615, 1534
2616, 1538
2617, 1433
2618, 1534
2619, 1031
2620, 1531
2621, 1531
2622, 1438
2623, 1631
2624, 1638
2625, 1634
2626, 1632
2627, 1530
2628, 1433
2629, 1631
2630, 1530
2631, 1535
2632, 1633
2633, 1639
2634, 1539
2635, 1638
2636, 1732
2637, 1732
2638, 1630
2639, 1634
2640, 1431
2641, 1536
2642, 1531
2643, 1133
2644, 1739
2645, 637
2646, 1431
2647, 738
2648, 1334
2649, 630
2650, 1238
2651, 837
2652, 1339
2653, 730
2654, 1430
2655, 733
2656, 1133
2657, 732
2658, 1437
2659, 933
2660, 938
2661, 1134
2662, 932
2663, 1038
2664, 637
2665, 1230
2666, 834
2667, 1331
2668, 734
2669, 1436
2670, 537
2671, 1330
2672, 630
2673, 1338
2674, 638
2675, 1432
2676, 739
2677, 1235
2678, 637
2679, 1131
2680, 1039
2681, 1037
2682, 1032
2683, 931
2684, 1139
2685, 537
2686, 1239
2687, 633
2688, 1737
2689, 635
2690, 1530
2691, 733
2692, 1232
2693, 633
2694, 1236
2695, 938
2696, 1237
2697, 839
2698, 1333
2699, 638
2700, 1032
2701, 835
2702, 1338
2703, 1136
2704, 738
2705, 1431
2706, 733
2707, 1235
2708, 632
2709, 1639
2710, 830
2711, 1339
2712, 734
2713, 1438
2714, 539
2715, 1333
2716, 631
2717, 1539
2718, 1236
2719, 1031
2720, 933
2721, 1631
2722, 1531
2723, 1630
2724, 1432
2725, 1436
2726, 1432
2727, 1533
2728, 1535
2729, 1631
2730, 1633
2731, 1834
2732, 1632
2733, 1536
2734, 1536
2735, 1432
2736, 1439
2737, 1538
2738, 1635
2739, 1635
2740, 1639
2741, 1634
2742, 1733
2743, 1630
2744, 1732
2745, 1539
2746, 1734
2747, 1534
2748, 1633
2749, 1838
2750, 733
2751, 1232
2752, 632
2753, 1539
2754, 739
2755, 1238
2756, 833
2757, 1334
2758, 630
2759, 1236
2760, 636
2761, 1734
2762, 739
2763, 1231
2764, 1037
2765, 739
2766, 1132
2767, 637
2768, 1631
2769, 637
2770, 1530
2771, 731
2772, 1337
2773, 538
2774, 1332
2775, 733
2776, 1437
2777, 636
2778, 1432
2779, 736
2780, 1137
2781, 731
2782, 1533
2783, 1032
2784, 1034
2785, 1134
2786, 931
2787, 1038
2788, 635
2789, 1234
2790, 935
2791, 1337
2792, 734
2793, 1531
2794, 532
2795, 1430
2796, 631
2797, 1538
2798, 539
2799, 1338
2800, 737
2801, 1330
2802, 632
2803, 1230
2804, 934
2805, 1234
2806, 1031
2807, 936
2808, 1332
2809, 538
2810, 1334
2811, 538
2812, 1536
2813, 636
2814, 1632
2815, 730
2816, 1239
2817, 632
2818, 1330
2819, 632
2820, 1332
2821, 832
2822, 1430
2823, 734
2824, 1133
2825, 734
2826, 1138
2827, 1135
2828, 831
2829, 1238
2830, 937
2831, 736
2832, 938
2833, 1633
2834, 1633
2835, 1633
2836, 1437
2837, 1530
2838, 1430
2839, 1530
2840, 1439
2841, 1530
2842, 1535
2843, 1731
2844, 1631
2845, 1639
2846, 1435
2847, 1539
2848, 1434
2849, 1332
2850, 1534
2851, 1532
2852, 1631
2853, 1633
2854, 1637
2855, 1635
2856, 1639
2857, 1733
2858, 1734
2859, 1639
2860, 1639
2861, 1635
2862, 1731
2863, 1533
2864, 1730
2865, 1538
2866, 1936
2867, 1038
2868, 1031
2869, 1032
2870, 1033
2871, 1139
2872, 836
2873, 1335
2874, 633
2875, 1237
2876, 636
2877, 1431
2878, 632
2879, 1336
2880, 830
2881, 1232
2882, 630
2883, 1135
2884, 1033
2885, 1136
2886, 737
2887, 1137
2888, 933
2889, 738
2890, 1031
2891, 639
2892, 1530
2893, 638
2894, 1431
2895, 736
2896, 1139
2897, 635
2898, 1232
2899, 839
2900, 1236
2901, 831
2902, 1336
2903, 830
2904, 1137
2905, 732
2906, 1631
2907, 839
2908, 1035
2909, 1033
2910, 833
2911, 935
2912, 730
2913, 1432
2914, 1131
2915, 1232
2916, 830
2917, 1431
2918, 539
2919, 1238
2920, 632
2921, 1539
2922, 730
2923, 1339
2924, 832
2925, 1136
2926, 731
2927, 1133
2928, 938
2929, 939
2930, 939
2931, 938
2932, 1139
2933, 639
2934, 1233
2935, 1031
2936, 1339
2937, 634
2938, 1435
2939, 637
2940, 1136
2941, 638
2942, 1231
2943, 932
2944, 1231
2945, 836
2946, 1332
2947, 633
2948, 1131
2949, 733
2950, 1130
