1, 839
2, 838
3, 1032
4, 935
5, 1134
6, 730
7, 1232
8, 738
9, 1133
10, 731
11, 1133
12, 737
13, 1233
14, 734
15, 1134
16, 838
17, 1033
18, 833
19, 1030
20, 1034
21, 938
22, 932
23, 834
24, 1137
25, 730
26, 1134
27, 733
28, 1230
29, 833
30, 1037
31, 737
32, 1230
33, 733
34, 1134
35, 732
36, 1336
37, 837
38, 1032
39, 934
40, 1034
41, 933
42, 837
43, 1038
44, 839
45, 1231
46, 730
47, 1232
48, 831
49, 1038
50, 731
51, 1132
52, 932
53, 1230
54, 734
55, 1137
56, 933
57, 1031
58, 933
59, 1033
60, 1234
61, 831
62, 1033
63, 837
64, 1230
65, 831
66, 1131
67, 738
68, 1139
69, 932
70, 1033
71, 838
72, 1139
73, 833
74, 1036
75, 832
76, 1232
77, 1130
78, 933
79, 934
80, 1035
81, 933
82, 931
83, 1031
84, 1033
85, 1039
86, 833
87, 1036
88, 935
89, 935
90, 839
91, 1033
92, 1039
93, 1030
94, 837
95, 1038
96, 1033
97, 1039
98, 937
99, 1032
100, 1333
101, 937
102, 839
103, 838
104, 1035
105, 834
106, 933
107, 833
108, 1238
109, 939
110, 934
111, 838
112, 1036
113, 832
114, 939
115, 837
116, 1036
117, 933
118, 932
119, 937
120, 1033
121, 932
122, 831
123, 1030
124, 1032
125, 1032
126, 834
127, 1033
128, 935
129, 1033
130, 830
131, 937
132, 836
133, 1135
134, 833
135, 1032
136, 932
137, 1036
138, 838
139, 933
140, 933
141, 1037
142, 935
143, 834
144, 1034
145, 933
146, 937
147, 836
148, 938
149, 939
150, 933
151, 836
152, 1034
153, 939
154, 939
155, 932
156, 938
157, 1232
158, 1033
159, 930
160, 938
161, 1131
162, 935
163, 936
164, 833
165, 1431
166, 1436
167, 1233
168, 1030
169, 1432
170, 1534
171, 1535
172, 1438
173, 1534
174, 1537
175, 1438
176, 1439
177, 1535
178, 1430
179, 1132
180, 933
181, 1436
182, 1435
183, 834
184, 936
185, 932
186, 1334
187, 1339
188, 1538
189, 1530
190, 1436
191, 832
192, 930
193, 1032
194, 1030
195, 934
196, 936
197, 838
198, 1038
199, 930
200, 931
201, 1030
202, 839
203, 936
204, 838
205, 1031
206, 936
207, 937
208, 932
209, 1031
210, 837
211, 934
212, 838
213, 932
214, 1035
215, 933
216, 936
217, 935
218, 936
219, 832
220, 936
221, 833
222, 1131
223, 832
224, 1035
225, 937
226, 1039
227, 839
228, 1030
229, 1037
230, 1139
231, 832
232, 1034
233, 1030
234, 930
235, 930
236, 932
237, 1038
238, 1136
239, 931
240, 930
241, 1039
242, 831
243, 939
244, 838
245, 1334
246, 1137
247, 935
248, 934
249, 1038
250, 930
251, 933
252, 838
253, 939
254, 1230
255, 930
256, 936
257, 939
258, 939
259, 830
260, 936
261, 832
262, 1130
263, 833
264, 1032
265, 932
266, 1036
267, 833
268, 936
269, 835
270, 1132
271, 835
272, 936
273, 934
274, 1031
275, 934
276, 935
277, 1031
278, 1139
279, 1132
280, 838
281, 1038
282, 1031
283, 1132
284, 931
285, 1434
286, 1539
287, 1438
288, 1531
289, 1133
290, 1031
291, 1535
292, 1534
293, 1533
294, 1534
295, 930
296, 1430
297, 1533
298, 1534
299, 1435
300, 1331
301, 1133
302, 1431
303, 1134
304, 937
305, 931
306, 1038
307, 930
308, 1031
309, 1235
310, 1532
311, 1438
312, 1630
313, 1439
314, 1235
315, 1034
316, 935
317, 936
318, 1132
319, 1035
320, 831
321, 1036
322, 935
323, 930
324, 835
325, 933
326, 1032
327, 1033
328, 831
329, 1032
330, 933
331, 839
332, 836
333, 931
334, 1230
335, 933
336, 931
337, 933
338, 1036
339, 834
340, 937
341, 838
342, 1330
343, 932
344, 933
345, 931
346, 1130
347, 838
348, 939
349, 836
350, 1331
351, 936
352, 837
353, 936
354, 1030
355, 933
356, 838
357, 937
358, 1130
359, 1033
360, 831
361, 1034
362, 930
363, 932
364, 836
365, 934
366, 931
367, 934
368, 836
369, 1031
370, 933
371, 936
372, 933
373, 930
374, 1231
375, 838
376, 937
377, 933
378, 1031
379, 938
380, 1031
381, 837
382, 1131
383, 834
384, 936
385, 934
386, 1031
387, 1034
388, 1134
389, 1037
390, 1338
391, 1433
392, 1533
393, 933
394, 1533
395, 1533
396, 1533
397, 1536
398, 1538
399, 1235
400, 1530
401, 1535
402, 1531
403, 1530
404, 1431
405, 939
406, 936
407, 1035
408, 1136
409, 1036
410, 939
411, 932
412, 935
413, 837
414, 1131
415, 838
416, 932
417, 1330
418, 1530
419, 1337
420, 1438
421, 1430
422, 1034
423, 933
424, 1238
425, 1032
426, 1037
427, 835
428, 938
429, 835
430, 1132
431, 837
432, 837
433, 939
434, 835
435, 838
436, 834
437, 932
438, 838
439, 934
440, 834
441, 1033
442, 935
443, 935
444, 836
445, 934
446, 1233
447, 837
448, 932
449, 938
450, 933
451, 833
452, 936
453, 834
454, 1131
455, 832
456, 1036
457, 931
458, 1131
459, 833
460, 936
461, 833
462, 1236
463, 833
464, 1033
465, 934
466, 1030
467, 833
468, 936
469, 836
470, 1033
471, 930
472, 933
473, 1032
474, 932
475, 939
476, 837
477, 937
478, 1138
479, 935
480, 932
481, 1032
482, 933
483, 937
484, 839
485, 934
486, 1133
487, 933
488, 930
489, 939
490, 1033
491, 835
492, 938
493, 833
494, 1232
495, 833
496, 938
497, 933
498, 936
499, 934
500, 1030
501, 1033
502, 1130
503, 1339
504, 1632
505, 1533
506, 1433
507, 1437
508, 1630
509, 1532
510, 1535
511, 1238
512, 1533
513, 1534
514, 1530
515, 1434
516, 1433
517, 1037
518, 938
519, 935
520, 1235
521, 1130
522, 939
523, 938
524, 931
525, 931
526, 834
527, 1237
528, 1234
529, 1536
530, 1536
531, 1435
532, 1234
533, 733
534, 1535
535, 1239
536, 1035
537, 933
538, 1035
539, 835
540, 935
541, 832
542, 1236
543, 737
544, 934
545, 932
546, 1033
547, 836
548, 932
549, 933
550, 1036
551, 839
552, 832
553, 1033
554, 932
555, 935
556, 835
557, 936
558, 932
559, 1037
560, 833
561, 1031
562, 933
563, 936
564, 838
565, 931
566, 939
567, 1030
568, 838
569, 932
570, 1034
571, 831
572, 939
573, 836
574, 1139
575, 1230
576, 933
577, 930
578, 1038
579, 835
580, 938
581, 837
582, 1135
583, 935
584, 931
585, 934
586, 1036
587, 933
588, 931
589, 936
590, 1331
591, 1033
592, 832
593, 1035
594, 938
595, 936
596, 837
597, 937
598, 936
599, 1034
600, 834
601, 1033
602, 935
603, 931
604, 838
605, 935
606, 1135
607, 1133
608, 931
609, 931
610, 1038
611, 834
612, 1031
613, 930
614, 1136
615, 936
616, 934
617, 932
618, 1039
619, 836
620, 1032
621, 933
622, 1430
623, 1633
624, 1630
625, 1435
626, 1333
627, 1533
628, 1534
629, 1535
630, 1537
631, 1231
632, 832
633, 1438
634, 1439
635, 1535
636, 1535
637, 1338
638, 738
639, 839
640, 739
641, 1336
642, 1036
643, 937
644, 934
645, 933
646, 1130
647, 1131
648, 934
649, 1233
650, 1531
651, 1439
652, 1436
653, 1336
654, 1231
655, 634
656, 731
657, 1436
658, 1334
659, 1030
660, 1033
661, 932
662, 1134
663, 932
664, 932
665, 938
666, 1030
667, 931
668, 839
669, 937
670, 1232
671, 939
672, 833
673, 1033
674, 936
675, 931
676, 836
677, 1031
678, 1132
679, 1034
680, 832
681, 1031
682, 938
683, 937
684, 932
685, 932
686, 1139
687, 934
688, 933
689, 931
690, 933
691, 830
692, 1030
693, 834
694, 1335
695, 934
696, 931
697, 933
698, 1036
699, 831
700, 936
701, 837
702, 1038
703, 937
704, 836
705, 938
706, 938
707, 936
708, 930
709, 939
710, 939
711, 1132
712, 833
713, 1033
714, 936
715, 1033
716, 833
717, 938
718, 1032
719, 1037
720, 835
721, 1031
722, 933
723, 931
724, 932
725, 930
726, 934
727, 1033
728, 932
729, 834
730, 1033
731, 839
732, 935
733, 836
734, 938
735, 1032
736, 930
737, 836
738, 1033
739, 934
740, 1035
741, 834
742, 935
743, 837
744, 1030
745, 831
746, 737
747, 1533
748, 1538
749, 1538
750, 1436
751, 1032
752, 1631
753, 1531
754, 1537
755, 1538
756, 1536
757, 1336
758, 832
759, 1431
760, 1439
761, 1530
762, 1532
763, 1530
764, 1238
765, 933
766, 1135
767, 932
768, 1232
769, 834
770, 1033
771, 931
772, 938
773, 834
774, 1136
775, 1032
776, 1535
777, 1439
778, 1532
779, 1337
780, 1036
781, 936
782, 1533
783, 1136
784, 1035
785, 937
786, 932
787, 1033
788, 930
789, 931
790, 837
791, 934
792, 1131
793, 933
794, 932
795, 1032
796, 933
797, 936
798, 839
799, 932
800, 1031
801, 839
802, 938
803, 1031
804, 1035
805, 839
806, 939
807, 1132
808, 1134
809, 833
810, 1031
811, 935
812, 936
813, 832
814, 939
815, 1137
816, 1134
817, 833
818, 938
819, 938
820, 1031
821, 838
822, 839
823, 1234
824, 1133
825, 934
826, 932
827, 1034
828, 837
829, 933
830, 837
831, 936
832, 1138
833, 935
834, 931
835, 1034
836, 932
837, 938
838, 839
839, 1239
840, 1331
841, 836
842, 1030
843, 937
844, 1032
845, 833
846, 937
847, 1133
848, 1037
849, 831
850, 1033
851, 936
852, 938
853, 835
854, 937
855, 833
856, 1233
857, 833
858, 1031
859, 935
860, 939
861, 1239
862, 1534
863, 1531
864, 1532
865, 1234
866, 1331
867, 1533
868, 1533
869, 1438
870, 1339
871, 1338
872, 1035
873, 1135
874, 1434
875, 1531
876, 1438
877, 1630
878, 1336
879, 939
880, 1033
881, 831
882, 1039
883, 932
884, 1034
885, 831
886, 938
887, 833
888, 1036
889, 932
890, 1439
891, 1531
892, 1531
893, 1435
894, 1339
895, 1331
896, 1537
897, 938
898, 938
899, 937
900, 1030
901, 839
902, 839
903, 934
904, 1133
905, 934
906, 834
907, 1034
908, 933
909, 1037
910, 930
911, 936
912, 1334
913, 838
914, 836
915, 1032
916, 933
917, 933
918, 931
919, 931
920, 1231
921, 836
922, 1030
923, 931
924, 1031
925, 838
926, 939
927, 835
928, 1233
929, 831
930, 937
931, 933
932, 1031
933, 837
934, 937
935, 834
936, 1130
937, 839
938, 839
939, 936
940, 936
941, 1030
942, 930
943, 934
944, 837
945, 933
946, 833
947, 1033
948, 838
949, 934
950, 838
951, 934
952, 1131
953, 931
954, 835
955, 1031
956, 939
957, 934
958, 931
959, 930
960, 1135
961, 1036
962, 937
963, 931
964, 1039
965, 832
966, 939
967, 837
968, 1331
969, 1131
970, 930
971, 931
972, 1035
973, 932
974, 839
975, 837
976, 933
977, 1038
978, 934
979, 933
980, 932
981, 1033
982, 833
983, 938
984, 836
985, 1430
986, 930
987, 1531
988, 1630
989, 1636
990, 1333
991, 1035
992, 1535
993, 1637
994, 1532
995, 1630
996, 1533
997, 1034
998, 1439
999, 1533
1000, 1532
1001, 1431
1002, 1332
1003, 639
1004, 836
1005, 839
1006, 935
1007, 1038
1008, 1031
1009, 1136
1010, 836
1011, 838
1012, 1032
1013, 937
1014, 934
1015, 1136
1016, 1433
1017, 1439
1018, 1432
1019, 1339
1020, 1335
1021, 1132
1022, 836
1023, 1235
1024, 938
1025, 1433
1026, 1133
1027, 935
1028, 933
1029, 1036
1030, 833
1031, 939
1032, 838
1033, 1130
1034, 934
1035, 933
1036, 936
1037, 1031
1038, 935
1039, 933
1040, 938
1041, 936
1042, 1035
1043, 830
1044, 1032
1045, 938
1046, 936
1047, 837
1048, 937
1049, 1031
1050, 1136
1051, 834
1052, 1030
1053, 938
1054, 933
1055, 836
1056, 932
1057, 1332
1058, 1037
1059, 932
1060, 933
1061, 1033
1062, 934
1063, 935
1064, 836
1065, 934
1066, 1036
1067, 934
1068, 837
1069, 1031
1070, 938
1071, 932
1072, 930
1073, 937
1074, 1230
1075, 838
1076, 930
1077, 934
1078, 1035
1079, 838
1080, 933
1081, 838
1082, 1231
1083, 1037
1084, 938
1085, 934
1086, 1036
1087, 931
1088, 932
1089, 930
1090, 933
1091, 1134
1092, 930
1093, 932
1094, 939
1095, 932
1096, 831
1097, 937
1098, 834
1099, 1131
1100, 933
1101, 934
1102, 933
1103, 1130
1104, 836
1105, 939
1106, 839
1107, 1032
1108, 1134
1109, 936
1110, 1432
1111, 1538
1112, 1533
1113, 1531
1114, 839
1115, 1135
1116, 1632
1117, 1536
1118, 1439
1119, 1539
1120, 1530
1121, 935
1122, 932
1123, 936
1124, 1431
1125, 1437
1126, 1539
1127, 1438
1128, 1430
1129, 933
1130, 931
1131, 1034
1132, 938
1133, 1033
1134, 936
1135, 939
1136, 831
1137, 934
1138, 836
1139, 1131
1140, 933
1141, 933
1142, 1435
1143, 1530
1144, 1433
1145, 1338
1146, 931
1147, 1030
1148, 1134
1149, 1137
1150, 938
1151, 1037
1152, 934
1153, 935
1154, 934
1155, 1130
1156, 939
1157, 834
1158, 1034
1159, 938
1160, 932
1161, 836
1162, 936
1163, 1234
1164, 1232
1165, 834
1166, 1032
1167, 938
1168, 931
1169, 838
1170, 934
1171, 1038
1172, 1035
1173, 930
1174, 933
1175, 1039
1176, 934
1177, 934
1178, 836
1179, 936
1180, 1231
1181, 933
1182, 836
1183, 1034
1184, 835
1185, 936
1186, 837
1187, 938
1188, 1038
1189, 1032
1190, 834
1191, 938
1192, 1030
1193, 836
1194, 938
1195, 837
1196, 1238
1197, 1132
1198, 932
1199, 932
1200, 1035
1201, 834
1202, 931
1203, 837
1204, 934
1205, 1033
1206, 932
1207, 931
1208, 1030
1209, 935
1210, 838
1211, 932
1212, 838
1213, 1032
1214, 835
1215, 935
1216, 930
1217, 1033
1218, 837
1219, 939
1220, 836
1221, 938
1222, 539
1223, 1531
1224, 1634
1225, 1438
1226, 1333
1227, 1630
1228, 1532
1229, 1639
1230, 1634
1231, 1531
1232, 1435
1233, 939
1234, 1339
1235, 1334
1236, 1535
1237, 1636
1238, 1530
1239, 1332
1240, 939
1241, 932
1242, 837
1243, 1038
1244, 1137
1245, 1137
1246, 1039
1247, 834
1248, 1031
1249, 939
1250, 936
1251, 1336
1252, 1536
1253, 1630
1254, 1139
1255, 1332
1256, 1239
1257, 831
1258, 730
1259, 1236
1260, 1133
1261, 1433
1262, 1135
1263, 933
1264, 932
1265, 1131
1266, 835
1267, 939
1268, 835
1269, 1138
1270, 936
1271, 836
1272, 939
1273, 938
1274, 1032
1275, 930
1276, 1032
1277, 1133
1278, 935
1279, 833
1280, 1034
1281, 936
1282, 930
1283, 839
1284, 938
1285, 1131
1286, 831
1287, 836
1288, 1031
1289, 1031
1290, 937
1291, 938
1292, 838
1293, 1036
1294, 1236
1295, 932
1296, 931
1297, 1132
1298, 839
1299, 1032
1300, 835
1301, 1231
1302, 931
1303, 933
1304, 932
1305, 1038
1306, 832
1307, 935
1308, 933
1309, 1334
1310, 1031
1311, 832
1312, 1032
1313, 935
1314, 933
1315, 836
1316, 937
1317, 1039
1318, 1033
1319, 830
1320, 1033
1321, 930
1322, 930
1323, 839
1324, 933
1325, 1230
1326, 1034
1327, 834
1328, 937
1329, 1235
1330, 637
1331, 1433
1332, 1532
1333, 1731
1334, 1530
1335, 1334
1336, 939
1337, 1536
1338, 1535
1339, 1534
1340, 1534
1341, 1439
1342, 1439
1343, 934
1344, 1036
1345, 1532
1346, 1436
1347, 1631
1348, 1536
1349, 1730
1350, 1039
1351, 932
1352, 930
1353, 835
1354, 1135
1355, 839
1356, 935
1357, 1030
1358, 932
1359, 835
1360, 1032
1361, 1032
1362, 937
1363, 1033
1364, 1538
1365, 1530
1366, 1338
1367, 1137
1368, 739
1369, 830
1370, 1333
1371, 1131
1372, 838
1373, 1136
1374, 833
1375, 1036
1376, 932
1377, 1032
1378, 832
1379, 939
1380, 1130
1381, 1234
1382, 830
1383, 1032
1384, 932
1385, 937
1386, 830
1387, 932
1388, 839
1389, 937
1390, 936
1391, 931
1392, 1031
1393, 931
1394, 933
1395, 836
1396, 937
1397, 1138
1398, 932
1399, 931
1400, 1030
1401, 838
1402, 934
1403, 837
1404, 932
1405, 1230
1406, 930
1407, 936
1408, 933
1409, 1033
1410, 739
1411, 937
1412, 832
1413, 1033
1414, 833
1415, 1031
1416, 932
1417, 1032
1418, 835
1419, 1030
1420, 833
1421, 1230
1422, 833
1423, 934
1424, 934
1425, 1035
1426, 930
1427, 933
1428, 932
1429, 1333
1430, 934
1431, 834
1432, 1033
1433, 932
1434, 935
1435, 836
1436, 1035
1437, 1232
1438, 1437
1439, 1534
1440, 1537
1441, 1536
1442, 1337
1443, 1431
1444, 1630
1445, 1535
1446, 1532
1447, 1533
1448, 1039
1449, 932
1450, 1533
1451, 1534
1452, 1530
1453, 1634
1454, 1432
1455, 933
1456, 835
1457, 936
1458, 1136
1459, 1037
1460, 837
1461, 1333
1462, 834
1463, 1336
1464, 939
1465, 1532
1466, 1531
1467, 1533
1468, 1431
1469, 935
1470, 838
1471, 1039
1472, 1134
1473, 934
1474, 935
1475, 836
1476, 935
1477, 1038
1478, 932
1479, 932
1480, 1035
1481, 932
1482, 936
1483, 839
1484, 1033
1485, 1137
1486, 837
1487, 1032
1488, 936
1489, 937
1490, 739
1491, 938
1492, 1032
1493, 1331
1494, 833
1495, 1034
1496, 936
1497, 1034
1498, 832
1499, 937
1500, 938
1501, 1130
1502, 834
1503, 939
1504, 934
1505, 1031
1506, 937
1507, 838
1508, 934
1509, 1136
1510, 935
1511, 931
1512, 1034
1513, 931
1514, 932
1515, 837
1516, 935
1517, 933
1518, 937
1519, 836
1520, 1033
1521, 938
1522, 939
1523, 935
1524, 931
1525, 1237
1526, 935
1527, 932
1528, 932
1529, 1034
1530, 931
1531, 1030
1532, 838
1533, 1137
1534, 932
1535, 935
1536, 933
1537, 1037
1538, 1132
1539, 1534
1540, 1538
1541, 1735
1542, 1432
1543, 1334
1544, 1534
1545, 1533
1546, 1438
1547, 1537
1548, 1630
1549, 1131
1550, 1238
1551, 1532
1552, 1533
1553, 1537
1554, 1530
1555, 1432
1556, 1437
1557, 1333
1558, 1332
1559, 831
1560, 1137
1561, 1031
1562, 938
1563, 839
1564, 932
1565, 939
1566, 1033
1567, 1434
1568, 1538
1569, 1630
1570, 1530
1571, 1432
1572, 1332
1573, 1432
1574, 1134
1575, 938
1576, 935
1577, 1039
1578, 834
1579, 939
1580, 838
1581, 1139
1582, 1131
1583, 838
1584, 937
1585, 1030
1586, 1033
1587, 831
1588, 1030
1589, 939
1590, 1130
1591, 833
1592, 1037
1593, 934
1594, 1031
1595, 833
1596, 937
1597, 1037
1598, 1131
1599, 832
1600, 1033
1601, 933
1602, 839
1603, 835
1604, 931
1605, 933
1606, 938
1607, 935
1608, 931
1609, 1033
1610, 839
1611, 933
1612, 835
1613, 934
1614, 837
1615, 935
1616, 838
1617, 1031
1618, 838
1619, 1032
1620, 931
1621, 932
1622, 1036
1623, 837
1624, 937
1625, 931
1626, 938
1627, 830
1628, 937
1629, 834
1630, 1234
1631, 833
1632, 936
1633, 932
1634, 1035
1635, 836
1636, 936
1637, 834
1638, 1130
1639, 936
1640, 1237
1641, 939
1642, 1538
1643, 1437
1644, 1537
1645, 1631
1646, 1535
1647, 1535
1648, 1534
1649, 1539
1650, 1631
1651, 1538
1652, 1139
1653, 1438
1654, 1638
1655, 1439
1656, 1436
1657, 1530
1658, 1335
1659, 1235
1660, 1339
1661, 1134
1662, 1134
1663, 930
1664, 933
1665, 934
1666, 1335
1667, 1336
1668, 1533
1669, 1539
1670, 1731
1671, 1430
1672, 833
1673, 931
1674, 1233
1675, 836
1676, 1030
1677, 834
1678, 937
1679, 1031
1680, 931
1681, 935
1682, 939
1683, 839
1684, 930
1685, 935
1686, 1032
1687, 1030
1688, 834
1689, 1035
1690, 837
1691, 933
1692, 836
1693, 935
1694, 1038
1695, 933
1696, 835
1697, 1032
1698, 933
1699, 931
1700, 932
1701, 934
1702, 1131
1703, 832
1704, 934
1705, 934
1706, 1131
1707, 834
1708, 1031
1709, 834
1710, 1133
1711, 936
1712, 933
1713, 932
1714, 1032
1715, 834
1716, 938
1717, 836
1718, 1230
1719, 938
1720, 839
1721, 935
1722, 938
1723, 836
1724, 837
1725, 938
1726, 1031
1727, 1037
1728, 832
1729, 1032
1730, 935
1731, 938
1732, 838
1733, 1030
1734, 1237
1735, 1034
1736, 831
1737, 1032
1738, 939
1739, 838
1740, 931
1741, 936
1742, 1136
1743, 1030
1744, 933
1745, 933
1746, 1334
1747, 1130
1748, 1137
1749, 1535
1750, 1537
1751, 1539
1752, 1233
1753, 1130
1754, 1535
1755, 1538
1756, 1631
1757, 1533
1758, 1530
1759, 1131
1760, 931
1761, 1538
1762, 1539
1763, 1530
1764, 1530
1765, 1432
1766, 1336
1767, 1339
1768, 1236
1769, 1138
1770, 937
1771, 1034
1772, 836
1773, 1030
1774, 834
1775, 1237
1776, 1032
1777, 1533
1778, 1630
1779, 1630
1780, 1431
1781, 933
1782, 837
1783, 1230
1784, 1232
1785, 936
1786, 1034
1787, 937
1788, 930
1789, 837
1790, 936
1791, 1136
1792, 931
1793, 837
1794, 1034
1795, 930
1796, 935
1797, 838
1798, 933
1799, 1039
1800, 932
1801, 839
1802, 936
1803, 931
1804, 833
1805, 939
1806, 833
1807, 1232
1808, 936
1809, 935
1810, 930
1811, 939
1812, 835
1813, 938
1814, 834
1815, 1135
1816, 836
1817, 936
1818, 934
1819, 939
1820, 837
1821, 936
1822, 839
1823, 1036
1824, 939
1825, 837
1826, 1033
1827, 937
1828, 934
1829, 838
1830, 938
1831, 1035
1832, 1034
1833, 830
1834, 1032
1835, 936
1836, 937
1837, 930
1838, 939
1839, 835
1840, 1136
1841, 834
1842, 1030
1843, 1030
1844, 935
1845, 839
1846, 930
1847, 1034
1848, 1035
1849, 933
1850, 933
1851, 1039
1852, 935
1853, 935
1854, 836
1855, 1233
1856, 1037
1857, 931
1858, 930
1859, 1031
1860, 933
1861, 931
1862, 838
1863, 930
1864, 1037
1865, 837
1866, 1030
1867, 933
1868, 1031
1869, 831
1870, 938
1871, 837
1872, 1134
1873, 936
1874, 935
1875, 931
1876, 1130
1877, 838
1878, 939
1879, 837
1880, 1238
1881, 738
1882, 936
1883, 936
1884, 1034
1885, 1336
1886, 1437
1887, 1533
1888, 1733
1889, 1632
1890, 1231
1891, 1531
1892, 1538
1893, 1535
1894, 1539
1895, 1537
1896, 1732
1897, 1039
1898, 1033
1899, 1434
1900, 1533
1901, 1439
1902, 1434
1903, 1338
1904, 933
1905, 1038
1906, 1033
1907, 1032
1908, 1037
1909, 837
1910, 1030
1911, 838
1912, 1630
1913, 1031
1914, 1533
1915, 1630
1916, 1531
1917, 1331
1918, 937
1919, 931
1920, 1332
1921, 1134
1922, 1033
1923, 935
1924, 1037
1925, 836
1926, 935
1927, 933
1928, 1230
1929, 933
1930, 834
1931, 1031
1932, 938
1933, 934
1934, 836
1935, 939
1936, 1030
1937, 1037
1938, 832
1939, 1033
1940, 939
1941, 933
1942, 839
1943, 937
1944, 836
1945, 1232
1946, 834
1947, 932
1948, 936
1949, 932
1950, 1034
1951, 839
1952, 933
1953, 1034
1954, 935
1955, 933
1956, 1030
1957, 933
1958, 936
1959, 838
1960, 934
1961, 1030
1962, 1034
1963, 833
1964, 1032
1965, 932
1966, 839
1967, 839
1968, 932
1969, 1031
1970, 1030
1971, 931
1972, 934
1973, 1039
1974, 836
1975, 1033
1976, 839
1977, 1236
1978, 938
1979, 935
1980, 839
1981, 1034
1982, 932
1983, 930
1984, 834
1985, 932
1986, 1036
1987, 931
1988, 931
1989, 936
1990, 932
1991, 836
1992, 932
1993, 832
1994, 1230
1995, 931
1996, 934
1997, 838
1998, 1036
1999, 834
2000, 1030
2001, 835
2002, 1233
2003, 1039
2004, 934
2005, 932
2006, 1038
2007, 833
