1, 1335
2, 1231
3, 830
4, 1430
5, 537
6, 1235
7, 634
8, 1130
9, 733
10, 1333
11, 639
12, 1034
13, 735
14, 836
15, 1030
16, 935
17, 1237
18, 731
19, 1230
20, 531
21, 1633
22, 634
23, 1339
24, 632
25, 1232
26, 635
27, 1732
28, 731
29, 1331
30, 834
31, 1133
32, 831
33, 1432
34, 931
35, 836
36, 1234
37, 637
38, 1137
39, 634
40, 1531
41, 638
42, 1434
43, 735
44, 1133
45, 638
46, 1334
47, 636
48, 1336
49, 833
50, 1133
51, 738
52, 1031
53, 1130
54, 839
55, 1137
56, 733
57, 1132
58, 634
59, 1833
60, 637
61, 1436
62, 734
63, 1138
64, 637
65, 1935
66, 635
67, 1338
68, 837
69, 1031
70, 737
71, 1035
72, 1536
73, 930
74, 1133
75, 836
76, 1031
77, 637
78, 1835
79, 637
80, 1434
81, 735
82, 1133
83, 635
84, 1230
85, 831
86, 1232
87, 836
88, 1332
89, 734
90, 1036
91, 1130
92, 1031
93, 1132
94, 932
95, 1133
96, 731
97, 2033
98, 832
99, 1234
100, 737
101, 1138
102, 538
103, 1130
104, 1236
105, 1039
106, 830
107, 1239
108, 633
109, 1134
110, 937
111, 934
112, 1039
113, 938
114, 936
115, 734
116, 1136
117, 832
118, 1236
119, 735
120, 1238
121, 635
122, 1230
123, 337
124, 1235
125, 837
126, 1331
127, 732
128, 1135
129, 1139
130, 932
131, 1034
132, 939
133, 833
134, 731
135, 1133
136, 1436
137, 1230
138, 737
139, 1334
140, 537
141, 1234
142, 831
143, 1234
144, 835
145, 1333
146, 732
147, 1135
148, 1031
149, 1136
150, 834
151, 1038
152, 834
153, 733
154, 1133
155, 1336
156, 1231
157, 737
158, 1433
159, 539
160, 1236
161, 1134
162, 1131
163, 835
164, 1330
165, 731
166, 1137
167, 639
168, 1134
169, 835
170, 1135
171, 1038
172, 733
173, 1036
174, 1437
175, 1133
176, 739
177, 1339
178, 535
179, 1237
180, 438
181, 1237
182, 832
183, 1331
184, 831
185, 1137
186, 637
187, 1533
188, 832
189, 1132
190, 1035
191, 735
192, 1131
193, 532
194, 1132
195, 835
196, 1338
197, 539
198, 1237
199, 631
200, 1233
201, 732
202, 1339
203, 837
204, 1035
205, 733
206, 835
207, 831
208, 1231
209, 1032
210, 739
211, 1035
212, 838
213, 930
214, 733
215, 1430
216, 738
217, 1233
218, 634
219, 1532
220, 638
221, 1337
222, 832
223, 1133
224, 732
225, 1436
226, 639
227, 1130
228, 938
229, 737
230, 1031
231, 732
232, 1637
233, 638
234, 1431
235, 733
236, 1133
237, 634
238, 1936
239, 638
240, 1339
241, 831
242, 1038
243, 732
244, 1132
245, 1432
246, 1037
247, 935
248, 1034
249, 938
250, 737
251, 833
252, 733
253, 1338
254, 737
255, 1139
256, 634
257, 1736
258, 639
259, 1338
260, 830
261, 1135
262, 731
263, 1036
264, 1336
265, 1131
266, 933
267, 1033
268, 839
269, 833
270, 1736
271, 731
272, 1338
273, 738
274, 1039
275, 634
276, 1132
277, 831
278, 1233
279, 831
280, 1130
281, 733
282, 1132
283, 1333
284, 1039
285, 930
286, 1135
287, 739
288, 836
289, 1730
290, 639
291, 1335
292, 830
293, 1135
294, 635
295, 1230
296, 1137
297, 1235
298, 739
299, 1332
300, 731
301, 1135
302, 631
303, 1137
304, 931
305, 1137
306, 830
307, 931
308, 939
309, 837
310, 1136
311, 739
312, 1234
313, 634
314, 1232
315, 833
316, 1232
317, 739
318, 1239
319, 637
320, 1138
321, 836
322, 1333
323, 738
324, 1233
325, 631
326, 932
327, 931
328, 1135
329, 1135
330, 737
331, 1137
332, 537
333, 1236
334, 1136
335, 1135
336, 739
337, 1335
338, 534
339, 1137
340, 1133
341, 1331
342, 734
343, 1234
344, 837
345, 935
346, 932
347, 636
348, 1136
349, 831
350, 1333
351, 536
352, 1236
353, 430
354, 1139
355, 738
356, 1337
357, 633
358, 1138
359, 636
360, 1035
361, 734
362, 1236
363, 839
364, 932
365, 835
366, 533
367, 1133
368, 837
369, 1334
370, 638
371, 1235
372, 1136
373, 1335
374, 636
375, 1430
376, 730
377, 1137
378, 635
379, 1036
380, 733
381, 1239
382, 839
383, 935
384, 835
385, 1636
386, 937
387, 838
388, 1331
389, 635
390, 1236
391, 632
392, 1135
393, 637
394, 1433
395, 633
396, 1136
397, 637
398, 1332
399, 735
400, 1331
401, 836
402, 934
403, 833
404, 1135
405, 1038
406, 835
407, 1331
408, 834
409, 1234
410, 634
411, 1233
412, 636
413, 1436
414, 739
415, 1134
416, 730
417, 1638
418, 638
419, 1239
420, 834
421, 934
422, 831
423, 934
424, 1236
425, 832
426, 1331
427, 638
428, 1139
429, 634
430, 1533
431, 637
432, 1434
433, 736
434, 1035
435, 635
436, 1836
437, 930
438, 1137
439, 834
440, 1234
441, 832
442, 939
443, 739
444, 834
445, 1239
446, 834
447, 1036
448, 635
449, 1938
450, 635
451, 1330
452, 737
453, 1236
454, 730
455, 1136
456, 730
457, 1232
458, 831
459, 1133
460, 830
461, 1034
462, 536
463, 839
464, 1234
465, 834
466, 1031
467, 636
468, 1235
469, 831
470, 1330
471, 736
472, 1135
473, 636
474, 1137
475, 436
476, 1232
477, 739
478, 1239
479, 735
480, 1035
481, 1336
482, 934
483, 1135
484, 837
485, 1034
486, 636
487, 1136
488, 835
489, 1235
490, 739
491, 1337
492, 538
493, 1233
494, 635
495, 1133
496, 836
497, 1234
498, 732
499, 1037
500, 732
501, 1037
502, 939
503, 839
504, 1331
505, 637
506, 1136
507, 1234
508, 1233
509, 738
510, 1330
511, 536
512, 1233
513, 339
514, 1134
515, 835
516, 1236
517, 537
518, 1131
519, 735
520, 1136
521, 935
522, 934
523, 1032
524, 633
525, 1133
526, 1334
527, 1235
528, 738
529, 1336
530, 536
531, 1234
532, 630
533, 1235
534, 832
535, 1333
536, 734
537, 1132
538, 733
539, 1730
540, 930
541, 1032
542, 1231
543, 635
544, 1138
545, 539
546, 1237
547, 739
548, 1431
549, 638
550, 1238
551, 632
552, 1531
553, 733
554, 1332
555, 635
556, 1038
557, 731
558, 1638
559, 835
560, 1036
561, 1132
562, 633
563, 1135
564, 639
565, 1337
566, 637
567, 1432
568, 634
569, 1235
570, 633
571, 1835
572, 638
573, 1333
574, 836
575, 1036
576, 734
577, 933
578, 737
579, 1136
580, 1039
581, 730
582, 1136
583, 638
584, 1334
585, 637
586, 1432
587, 831
588, 1234
589, 633
590, 1839
591, 637
592, 1336
593, 835
594, 1038
595, 733
596, 930
597, 736
598, 1038
599, 1038
600, 737
601, 1133
602, 639
603, 938
604, 730
605, 1432
606, 732
607, 1230
608, 632
609, 1832
610, 637
611, 1337
612, 833
613, 1030
614, 734
615, 1130
616, 932
617, 1033
618, 1033
619, 934
620, 1033
621, 730
622, 1338
623, 638
624, 1431
625, 736
626, 1334
627, 637
628, 1431
629, 831
630, 1236
631, 836
632, 1331
633, 733
634, 1133
635, 539
636, 1036
637, 938
638, 1037
639, 931
640, 735
641, 1635
642, 636
643, 1430
644, 736
645, 1232
646, 637
647, 1230
648, 1231
649, 1233
650, 834
651, 1237
652, 731
653, 1132
654, 838
655, 1132
656, 939
657, 1038
658, 936
659, 831
660, 1731
661, 1235
662, 1232
663, 737
664, 1130
665, 539
666, 1230
667, 731
668, 1237
669, 833
670, 1333
671, 535
672, 1136
673, 534
674, 1135
675, 831
676, 1134
677, 835
678, 834
679, 1034
680, 538
681, 1236
682, 830
683, 1430
684, 539
685, 1237
686, 732
687, 1234
688, 830
689, 1332
690, 731
691, 1230
692, 1137
693, 1136
694, 736
695, 1232
696, 830
697, 834
698, 937
699, 733
700, 1136
701, 832
702, 1337
703, 633
704, 1237
705, 437
706, 1234
707, 833
708, 1335
709, 533
710, 1137
711, 635
712, 1437
713, 733
714, 1231
715, 934
716, 933
717, 933
718, 1239
719, 1138
720, 830
721, 1336
722, 537
723, 1238
724, 733
725, 1433
726, 734
727, 1337
728, 631
729, 1138
730, 638
731, 1830
732, 732
733, 1237
734, 936
735, 934
736, 934
737, 733
738, 1130
739, 832
740, 1336
741, 631
742, 1236
743, 536
744, 1430
745, 635
746, 1338
747, 737
748, 1134
749, 636
750, 1434
751, 731
752, 1334
753, 930
754, 1034
755, 931
756, 1233
757, 1136
758, 737
759, 1338
760, 738
761, 1330
762, 539
763, 1536
764, 633
765, 1535
766, 638
767, 1137
768, 639
769, 1934
770, 539
771, 1432
772, 835
773, 1131
774, 837
775, 936
776, 1132
777, 833
778, 1630
779, 639
780, 1336
781, 538
782, 1436
783, 638
784, 1831
785, 1430
786, 1133
787, 935
788, 1437
789, 1230
790, 1632
791, 1137
792, 1633
793, 832
794, 1031
795, 733
796, 838
797, 1536
798, 1136
799, 1433
800, 1635
801, 1039
802, 1238
803, 1039
804, 932
805, 1039
806, 1630
807, 1633
808, 2032
809, 1632
810, 1438
811, 1737
812, 1438
813, 1732
814, 1537
815, 1439
816, 1332
817, 735
818, 637
819, 732
820, 730
821, 436
822, 632
823, 632
824, 732
825, 532
826, 635
827, 632
828, 632
829, 430
830, 731
831, 439
832, 838
833, 1038
834, 938
835, 738
836, 836
837, 732
838, 737
839, 739
840, 839
841, 738
842, 835
843, 1038
844, 1137
845, 1435
846, 937
847, 1232
848, 738
849, 1335
850, 535
851, 1130
852, 1235
853, 1439
854, 1033
855, 833
856, 1434
857, 631
858, 1336
859, 436
860, 1432
861, 731
862, 1537
863, 536
864, 1336
865, 432
866, 1236
867, 637
868, 1436
869, 634
870, 1136
871, 734
872, 1037
873, 1035
874, 933
875, 1237
876, 630
877, 1336
878, 1032
879, 1436
880, 636
881, 1536
882, 538
883, 1337
884, 537
885, 1531
886, 633
887, 1436
888, 639
889, 1233
890, 732
891, 1235
892, 1030
893, 1033
894, 1336
895, 632
896, 1336
897, 1533
898, 1331
899, 639
900, 1536
901, 439
902, 1339
903, 536
904, 1232
905, 635
906, 1532
907, 731
908, 1138
909, 639
910, 1330
911, 930
912, 1131
913, 1330
914, 633
915, 1430
916, 539
917, 1632
918, 1433
919, 1037
920, 1536
921, 1439
922, 1431
923, 1334
924, 1130
925, 1537
926, 739
927, 1335
928, 733
929, 1737
930, 1435
931, 1734
932, 1436
933, 1437
934, 936
935, 1534
936, 1431
937, 1635
938, 1630
939, 1239
940, 1230
941, 1633
942, 1731
943, 1439
944, 1332
945, 634
946, 738
947, 538
948, 936
949, 1033
950, 1232
951, 1137
952, 838
953, 1232
954, 631
955, 1238
956, 638
957, 1538
958, 639
959, 1337
960, 539
961, 1138
962, 631
963, 1537
964, 737
965, 1235
966, 637
967, 1233
968, 1338
969, 1037
970, 1039
971, 834
972, 1231
973, 633
974, 1237
975, 731
976, 1634
977, 637
978, 1234
979, 535
980, 1137
981, 830
982, 1334
983, 739
984, 1232
985, 730
986, 1234
987, 1433
988, 1131
989, 1037
990, 935
991, 1034
992, 634
993, 1535
994, 732
995, 1639
996, 632
997, 1337
998, 534
999, 1333
1000, 830
1001, 1437
1002, 735
1003, 1534
1004, 635
1005, 1337
1006, 638
1007, 1138
1008, 1031
1009, 1033
1010, 1033
1011, 730
1012, 2033
1013, 833
1014, 1730
1015, 636
1016, 1439
1017, 536
1018, 1437
1019, 838
1020, 1435
1021, 734
1022, 1533
1023, 631
1024, 1339
1025, 438
1026, 1430
1027, 639
1028, 1536
1029, 1334
1030, 1531
1031, 1431
1032, 1134
1033, 1333
1034, 637
1035, 1630
1036, 534
1037, 1439
1038, 1434
1039, 1532
1040, 1536
1041, 1636
1042, 1432
1043, 1036
1044, 1233
1045, 1633
1046, 1631
1047, 1138
1048, 1430
1049, 1538
1050, 1535
1051, 1537
1052, 1630
1053, 836
1054, 833
1055, 737
1056, 637
1057, 736
1058, 735
1059, 931
1060, 1533
1061, 438
1062, 1235
1063, 1432
1064, 1631
1065, 735
1066, 1232
1067, 935
1068, 836
1069, 1036
1070, 638
1071, 1237
1072, 738
1073, 1434
1074, 537
1075, 1337
1076, 535
1077, 1238
1078, 633
1079, 1438
1080, 633
1081, 1237
1082, 635
1083, 1137
1084, 732
1085, 1239
1086, 930
1087, 839
1088, 1034
1089, 1339
1090, 1234
1091, 833
1092, 1531
1093, 538
1094, 1431
1095, 537
1096, 1533
1097, 539
1098, 1534
1099, 533
1100, 1237
1101, 631
1102, 1338
1103, 730
1104, 1333
1105, 934
1106, 934
1107, 938
1108, 637
1109, 1137
1110, 832
1111, 1439
1112, 439
1113, 1430
1114, 536
1115, 1435
1116, 539
1117, 1530
1118, 732
1119, 1135
1120, 639
1121, 1434
1122, 634
1123, 1430
1124, 931
1125, 1032
1126, 936
1127, 831
1128, 1331
1129, 734
1130, 1530
1131, 637
1132, 1236
1133, 535
1134, 1432
1135, 636
1136, 1538
1137, 732
1138, 1331
1139, 638
1140, 1332
1141, 736
1142, 1231
1143, 839
1144, 1039
1145, 930
1146, 836
1147, 1234
1148, 735
1149, 1531
1150, 731
1151, 1336
1152, 539
1153, 1638
1154, 636
1155, 1631
1156, 731
1157, 1231
1158, 636
1159, 1237
1160, 339
1161, 1237
1162, 832
1163, 1137
1164, 739
1165, 932
1166, 1433
1167, 831
1168, 1435
1169, 733
1170, 1134
1171, 538
1172, 1038
1173, 832
1174, 1430
1175, 730
1176, 1330
1177, 633
1178, 1235
1179, 1431
1180, 1231
1181, 830
1182, 1332
1183, 836
1184, 1036
1185, 1732
1186, 835
1187, 1432
1188, 734
1189, 1234
1190, 539
1191, 1338
1192, 930
1193, 1533
1194, 636
1195, 1634
1196, 532
1197, 1336
1198, 1130
1199, 1338
1200, 739
1201, 1437
1202, 832
1203, 1436
1204, 639
1205, 1231
1206, 837
1207, 1339
1208, 1534
1209, 1534
1210, 1635
1211, 837
1212, 1633
1213, 1538
1214, 835
1215, 1535
1216, 1635
1217, 1437
1218, 1138
1219, 1430
1220, 1636
1221, 1438
1222, 1733
1223, 1532
1224, 1530
1225, 1535
1226, 1637
1227, 1634
1228, 1533
1229, 834
1230, 837
1231, 733
1232, 732
1233, 1035
1234, 633
1235, 1431
1236, 936
1237, 1134
1238, 638
1239, 1431
1240, 738
1241, 1039
1242, 832
1243, 838
1244, 1036
1245, 932
1246, 1338
1247, 532
1248, 1336
1249, 437
1250, 1338
1251, 539
1252, 1538
1253, 533
1254, 1335
1255, 537
1256, 1832
1257, 637
1258, 1431
1259, 830
1260, 1038
1261, 830
1262, 1733
1263, 935
1264, 935
1265, 1339
1266, 531
1267, 1333
1268, 630
1269, 1532
1270, 634
1271, 1536
1272, 638
1273, 1333
1274, 536
1275, 1537
1276, 635
1277, 1435
1278, 830
1279, 1131
1280, 739
1281, 1036
1282, 1034
1283, 932
1284, 1330
1285, 639
1286, 1239
1287, 631
1288, 1932
1289, 636
1290, 1538
1291, 637
1292, 1238
1293, 539
1294, 1539
1295, 739
1296, 1239
1297, 830
1298, 1330
1299, 736
1300, 1039
1301, 733
1302, 935
1303, 1232
1304, 735
1305, 1135
1306, 631
1307, 1436
1308, 639
1309, 1635
1310, 730
1311, 1333
1312, 630
1313, 1436
1314, 739
1315, 1331
1316, 737
1317, 1333
1318, 732
1319, 1135
1320, 730
1321, 939
1322, 1139
1323, 835
1324, 1036
1325, 631
1326, 1739
1327, 730
1328, 1637
1329, 636
1330, 1431
1331, 535
1332, 1330
1333, 1231
1334, 1332
1335, 736
1336, 1431
1337, 636
1338, 1233
1339, 831
1340, 1130
1341, 1134
1342, 931
1343, 1331
1344, 633
1345, 1536
1346, 839
1347, 1632
1348, 1336
1349, 737
1350, 838
1351, 1035
1352, 1239
1353, 1534
1354, 1535
1355, 1831
1356, 534
1357, 1336
1358, 1630
1359, 1135
1360, 1330
1361, 1637
1362, 1633
1363, 1633
1364, 1037
1365, 938
1366, 1535
1367, 1637
1368, 1434
1369, 1037
1370, 1430
1371, 1738
1372, 1633
1373, 1537
1374, 1037
1375, 532
1376, 733
1377, 1532
1378, 1834
1379, 1131
1380, 1037
1381, 1130
1382, 730
1383, 1233
1384, 836
1385, 1337
1386, 732
1387, 1534
1388, 536
1389, 1330
1390, 1236
1391, 1330
1392, 739
1393, 1432
1394, 631
1395, 1236
1396, 532
1397, 1133
1398, 938
1399, 1130
1400, 935
1401, 735
1402, 1138
1403, 635
1404, 1338
1405, 733
1406, 1537
1407, 530
1408, 1430
1409, 839
1410, 1233
1411, 738
1412, 1432
1413, 539
1414, 1237
1415, 632
1416, 1336
1417, 737
1418, 1231
1419, 933
1420, 730
1421, 1135
1422, 1137
1423, 1334
1424, 732
1425, 1539
1426, 631
1427, 1432
1428, 1335
1429, 1436
1430, 638
1431, 1439
1432, 739
1433, 1236
1434, 630
1435, 1230
1436, 738
1437, 1234
1438, 938
1439, 736
1440, 1135
1441, 833
1442, 1238
1443, 738
1444, 1538
1445, 531
1446, 1434
1447, 1038
1448, 1535
1449, 539
1450, 1533
1451, 630
1452, 1234
1453, 630
1454, 1534
1455, 731
1456, 1335
1457, 939
1458, 838
1459, 1132
1460, 931
1461, 1332
1462, 736
1463, 1631
1464, 530
1465, 1435
1466, 535
1467, 2133
1468, 632
1469, 1536
1470, 831
1471, 1237
1472, 639
1473, 1435
1474, 634
1475, 1338
1476, 932
1477, 838
1478, 1033
1479, 638
1480, 935
1481, 735
1482, 1631
1483, 634
1484, 1436
1485, 536
1486, 2036
1487, 635
1488, 1634
1489, 730
1490, 1239
1491, 633
1492, 1531
1493, 539
1494, 1331
1495, 930
1496, 1030
1497, 1032
1498, 835
1499, 1132
1500, 738
1501, 1236
1502, 1538
1503, 1536
1504, 1531
1505, 1731
1506, 634
1507, 1736
1508, 1232
1509, 932
1510, 1638
1511, 1635
1512, 1538
1513, 1631
1514, 733
1515, 1136
1516, 1534
1517, 1638
1518, 1530
1519, 1439
1520, 1433
1521, 1539
1522, 1635
1523, 1534
1524, 1338
1525, 738
1526, 838
1527, 639
1528, 833
1529, 834
1530, 1430
1531, 339
1532, 1330
1533, 837
1534, 1234
1535, 734
1536, 935
1537, 737
1538, 738
1539, 1439
1540, 730
1541, 1135
1542, 536
1543, 1337
1544, 738
1545, 1439
1546, 731
1547, 1535
1548, 630
1549, 1238
1550, 830
1551, 1335
1552, 739
1553, 1336
1554, 835
1555, 1038
1556, 1535
1557, 1034
1558, 1336
1559, 735
1560, 1136
1561, 539
1562, 1336
1563, 436
1564, 1534
1565, 730
1566, 1530
1567, 531
1568, 1336
1569, 638
1570, 1334
1571, 830
1572, 1431
1573, 731
1574, 1135
1575, 836
1576, 1038
1577, 1137
1578, 737
1579, 1537
1580, 538
1581, 1338
1582, 735
1583, 1530
1584, 635
1585, 1631
1586, 534
1587, 1432
1588, 631
1589, 1338
1590, 738
1591, 1439
1592, 533
1593, 1137
1594, 731
1595, 1431
1596, 1130
1597, 839
1598, 1531
1599, 537
1600, 1431
1601, 438
1602, 1534
1603, 730
1604, 1638
1605, 531
1606, 1433
1607, 536
1608, 1535
1609, 633
1610, 1438
1611, 736
1612, 1131
1613, 734
1614, 739
1615, 1034
1616, 1030
1617, 1533
1618, 534
1619, 1439
1620, 836
1621, 1735
1622, 638
1623, 1734
1624, 539
1625, 1439
1626, 833
1627, 934
1628, 933
1629, 1532
1630, 1437
1631, 1536
1632, 1234
1633, 2339
1634, 938
1635, 1038
1636, 1431
1637, 535
1638, 930
1639, 2133
1640, 1638
1641, 1631
1642, 935
1643, 1031
1644, 1634
1645, 1630
1646, 1535
1647, 1532
1648, 1538
1649, 1536
1650, 1733
1651, 1632
1652, 1635
1653, 637
1654, 930
1655, 734
1656, 731
1657, 935
1658, 634
1659, 1136
1660, 635
1661, 1630
1662, 536
1663, 1334
1664, 537
1665, 1639
1666, 635
1667, 1530
1668, 738
1669, 1137
1670, 732
1671, 1531
1672, 1030
1673, 1033
1674, 1136
1675, 831
1676, 1237
1677, 633
1678, 1338
1679, 732
1680, 1637
1681, 633
1682, 1433
1683, 534
1684, 1737
1685, 632
1686, 1339
1687, 734
1688, 1239
1689, 730
1690, 1235
1691, 1230
1692, 1135
1693, 1135
1694, 1031
1695, 1234
1696, 634
1697, 1930
1698, 732
1699, 1830
1700, 632
1701, 1532
1702, 532
1703, 1430
1704, 830
1705, 1339
1706, 735
1707, 1435
1708, 635
1709, 1330
1710, 538
1711, 1138
1712, 1035
1713, 1032
1714, 1231
1715, 637
1716, 1339
1717, 735
1718, 1734
1719, 635
1720, 1236
1721, 536
1722, 1435
1723, 1033
1724, 1438
1725, 639
1726, 1532
1727, 536
1728, 1336
1729, 434
1730, 1231
1731, 936
1732, 1039
1733, 937
1734, 732
1735, 1239
1736, 733
1737, 1534
1738, 639
1739, 1737
1740, 1230
1741, 836
1742, 1835
1743, 1538
1744, 1539
1745, 1537
1746, 1336
1747, 1533
1748, 932
1749, 1530
1750, 936
1751, 1136
1752, 1433
1753, 1736
1754, 1630
1755, 1330
1756, 834
1757, 1539
1758, 1630
1759, 1630
1760, 1437
1761, 1338
1762, 1630
1763, 1630
1764, 1631
1765, 1232
1766, 931
1767, 733
1768, 1031
1769, 1137
1770, 1433
1771, 1038
1772, 834
1773, 1035
1774, 1135
1775, 1237
1776, 732
1777, 1534
1778, 533
1779, 1337
1780, 1138
1781, 1239
1782, 638
1783, 1530
1784, 630
1785, 1330
1786, 538
1787, 1837
1788, 732
1789, 1238
1790, 839
1791, 839
1792, 1031
1793, 1236
1794, 1334
1795, 738
1796, 1534
1797, 439
1798, 1435
1799, 637
1800, 1434
1801, 637
1802, 1533
1803, 436
1804, 1331
1805, 630
1806, 1733
1807, 637
1808, 1430
1809, 933
1810, 933
1811, 1031
1812, 1730
1813, 1231
1814, 839
1815, 1631
1816, 533
1817, 1531
1818, 536
1819, 1230
1820, 539
1821, 1539
1822, 632
1823, 1232
1824, 630
1825, 2133
1826, 632
1827, 1434
1828, 931
1829, 935
1830, 936
1831, 736
1832, 1334
1833, 833
1834, 1633
1835, 634
1836, 1532
1837, 537
1838, 1532
1839, 636
1840, 1831
1841, 1336
1842, 935
1843, 1439
1844, 1731
1845, 1336
1846, 1933
1847, 931
1848, 1133
1849, 930
1850, 933
1851, 434
1852, 1538
1853, 1634
1854, 1633
1855, 1535
1856, 1432
1857, 1132
1858, 1538
1859, 1631
1860, 1635
1861, 1539
1862, 834
1863, 1737
1864, 1832
1865, 1637
1866, 1535
1867, 1531
1868, 734
1869, 734
1870, 437
1871, 639
1872, 636
1873, 1130
1874, 1233
1875, 537
1876, 1837
1877, 832
1878, 1434
1879, 639
1880, 1336
1881, 633
1882, 1239
1883, 937
1884, 1334
1885, 739
1886, 1330
1887, 731
1888, 1035
1889, 1635
1890, 836
1891, 1435
1892, 732
1893, 1132
1894, 538
1895, 1338
1896, 935
1897, 1439
1898, 636
1899, 1431
1900, 538
1901, 1334
1902, 1530
1903, 1236
1904, 737
1905, 1431
1906, 735
1907, 1135
1908, 833
1909, 1037
1910, 1137
1911, 734
1912, 1536
1913, 538
1914, 1339
1915, 1338
1916, 1438
1917, 633
1918, 1634
1919, 531
1920, 1434
1921, 532
1922, 1334
1923, 735
1924, 1436
1925, 534
1926, 1136
1927, 736
1928, 1534
1929, 1132
1930, 930
1931, 1539
1932, 539
1933, 1537
1934, 439
1935, 1637
1936, 635
1937, 1735
1938, 532
1939, 1434
1940, 832
1941, 1436
1942, 1536
1943, 1632
1944, 1337
1945, 1638
1946, 735
1947, 1933
1948, 1036
1949, 1632
1950, 1533
1951, 1639
1952, 1635
1953, 1739
1954, 835
1955, 1539
1956, 1631
1957, 1731
1958, 1633
1959, 1537
1960, 1639
1961, 1630
1962, 1638
1963, 1632
1964, 1239
1965, 832
1966, 1239
1967, 633
1968, 737
1969, 638
1970, 1333
1971, 1531
1972, 731
1973, 1330
1974, 637
1975, 1538
1976, 439
1977, 1338
1978, 535
1979, 1837
1980, 636
1981, 1435
1982, 736
1983, 1131
1984, 731
1985, 1835
1986, 831
1987, 1039
1988, 1232
1989, 639
1990, 1237
1991, 632
1992, 1439
1993, 639
1994, 1539
1995, 539
1996, 1338
1997, 536
1998, 1939
1999, 631
2000, 1530
2001, 735
2002, 1333
2003, 639
2004, 1036
2005, 930
2006, 1138
2007, 1135
2008, 837
2009, 1330
2010, 634
2011, 1332
2012, 731
2013, 1734
2014, 537
2015, 1335
2016, 532
2017, 1330
2018, 632
2019, 1631
2020, 737
2021, 1230
2022, 639
2023, 1239
2024, 835
2025, 1237
2026, 1038
2027, 934
2028, 1235
2029, 639
2030, 1135
2031, 838
2032, 1434
2033, 1635
2034, 1635
2035, 830
2036, 1834
2037, 632
2038, 1637
2039, 1534
2040, 930
2041, 1635
2042, 1734
2043, 1732
2044, 1030
2045, 1332
2046, 1730
2047, 1536
2048, 1634
2049, 1537
2050, 1533
2051, 1436
2052, 1536
2053, 1635
2054, 738
2055, 736
2056, 534
2057, 637
2058, 635
2059, 1338
2060, 835
2061, 1338
2062, 1135
2063, 1132
2064, 930
2065, 1130
2066, 939
2067, 832
2068, 1137
2069, 730
2070, 1433
2071, 739
2072, 1237
2073, 634
2074, 1033
2075, 534
2076, 1234
2077, 831
2078, 1231
2079, 731
2080, 1138
2081, 632
2082, 1135
2083, 932
2084, 1136
2085, 837
2086, 838
2087, 1035
2088, 830
2089, 1230
2090, 739
2091, 1133
2092, 630
2093, 1137
2094, 536
2095, 1237
2096, 834
2097, 1333
2098, 633
2099, 1136
2100, 1338
2101, 1037
2102, 931
2103, 1230
2104, 834
2105, 937
2106, 935
2107, 937
2108, 1134
2109, 832
2110, 1232
2111, 630
2112, 1137
2113, 538
2114, 1235
2115, 831
2116, 1336
2117, 637
2118, 1137
2119, 638
2120, 1333
2121, 734
2122, 1237
2123, 638
2124, 934
2125, 838
2126, 1031
2127, 1135
